(kicad_pcb (version 20171130) (host pcbnew 5.1.9+dfsg1-1)

  (general
    (thickness 1.6)
    (drawings 34)
    (tracks 0)
    (zones 0)
    (modules 8)
    (nets 10)
  )

  (page A4)
  (title_block
    (rev v1.15)
  )

  (layers
    (0 F.Cu signal)
    (31 B.Cu signal)
    (32 B.Adhes user)
    (33 F.Adhes user)
    (34 B.Paste user)
    (35 F.Paste user)
    (36 B.SilkS user)
    (37 F.SilkS user)
    (38 B.Mask user)
    (39 F.Mask user)
    (40 Dwgs.User user)
    (41 Cmts.User user)
    (42 Eco1.User user)
    (43 Eco2.User user)
    (44 Edge.Cuts user)
    (45 Margin user)
    (46 B.CrtYd user)
    (47 F.CrtYd user)
    (48 B.Fab user)
    (49 F.Fab user)
  )

  (setup
    (last_trace_width 0.25)
    (trace_clearance 0.2)
    (zone_clearance 0.508)
    (zone_45_only no)
    (trace_min 0.2)
    (via_size 0.8)
    (via_drill 0.4)
    (via_min_size 0.4)
    (via_min_drill 0.3)
    (uvia_size 0.3)
    (uvia_drill 0.1)
    (uvias_allowed no)
    (uvia_min_size 0.2)
    (uvia_min_drill 0.1)
    (edge_width 0.15)
    (segment_width 0.2)
    (pcb_text_width 0.3)
    (pcb_text_size 1.5 1.5)
    (mod_edge_width 0.15)
    (mod_text_size 1 1)
    (mod_text_width 0.15)
    (pad_size 1.524 1.524)
    (pad_drill 0.762)
    (pad_to_mask_clearance 0.051)
    (solder_mask_min_width 0.25)
    (aux_axis_origin 0 0)
    (visible_elements FFFFEF7F)
    (pcbplotparams
      (layerselection 0x010fc_ffffffff)
      (usegerberextensions false)
      (usegerberattributes false)
      (usegerberadvancedattributes false)
      (creategerberjobfile false)
      (excludeedgelayer true)
      (linewidth 0.100000)
      (plotframeref false)
      (viasonmask false)
      (mode 1)
      (useauxorigin false)
      (hpglpennumber 1)
      (hpglpenspeed 20)
      (hpglpendiameter 15.000000)
      (psnegative false)
      (psa4output false)
      (plotreference true)
      (plotvalue true)
      (plotinvisibletext false)
      (padsonsilk false)
      (subtractmaskfromsilk false)
      (outputformat 1)
      (mirror false)
      (drillshape 1)
      (scaleselection 1)
      (outputdirectory ""))
  )

  (net 0 "")
  (net 1 "Net-(D1-Pad1)")
  (net 2 "Net-(D1-Pad2)")
  (net 3 "Net-(D2-Pad2)")
  (net 4 "Net-(D3-Pad2)")
  (net 5 "Net-(D4-Pad2)")
  (net 6 "Net-(D5-Pad2)")
  (net 7 "Net-(D6-Pad2)")
  (net 8 "Net-(D7-Pad2)")
  (net 9 "Net-(J1-Pad8)")

  (net_class Default "This is the default net class."
    (clearance 0.2)
    (trace_width 0.25)
    (via_dia 0.8)
    (via_drill 0.4)
    (uvia_dia 0.3)
    (uvia_drill 0.1)
    (add_net "Net-(D1-Pad1)")
    (add_net "Net-(D1-Pad2)")
    (add_net "Net-(D2-Pad2)")
    (add_net "Net-(D3-Pad2)")
    (add_net "Net-(D4-Pad2)")
    (add_net "Net-(D5-Pad2)")
    (add_net "Net-(D6-Pad2)")
    (add_net "Net-(D7-Pad2)")
    (add_net "Net-(J1-Pad8)")
  )

  (module Connector_PinHeader_2_54:PinHeader_1x09_P2.54mm_Horizontal (layer F.Cu) (tedit 59FED5CB) (tstamp 61418711)
    (at -122.555 75.565 270)
    (descr "Through hole angled pin header, 1x09, 2.54mm pitch, 6mm pin length, single row")
    (tags "Through hole angled pin header THT 1x09 2.54mm single row")
    (path /61350B6C)
    (fp_text reference J1 (at -10.16 -4.12 270) (layer F.SilkS)
      (effects (font (size 1 1) (thickness 0.15)))
    )
    (fp_text value Conn_01x09_Male (at -10.16 4.08 270) (layer F.Fab)
      (effects (font (size 1 1) (thickness 0.15)))
    )
    (fp_line (start -10.55 -1.8) (end 1.8 -1.8) (layer F.CrtYd) (width 0.05))
    (fp_line (start -10.55 22.1) (end -10.55 -1.8) (layer F.CrtYd) (width 0.05))
    (fp_line (start 1.8 22.1) (end -10.55 22.1) (layer F.CrtYd) (width 0.05))
    (fp_line (start 1.8 -1.8) (end 1.8 22.1) (layer F.CrtYd) (width 0.05))
    (fp_line (start 1.27 -1.27) (end 0 -1.27) (layer F.SilkS) (width 0.12))
    (fp_line (start 1.27 0) (end 1.27 -1.27) (layer F.SilkS) (width 0.12))
    (fp_line (start -1.042929 20.7) (end -1.44 20.7) (layer F.SilkS) (width 0.12))
    (fp_line (start -1.042929 19.94) (end -1.44 19.94) (layer F.SilkS) (width 0.12))
    (fp_line (start -10.1 20.7) (end -4.1 20.7) (layer F.SilkS) (width 0.12))
    (fp_line (start -10.1 19.94) (end -10.1 20.7) (layer F.SilkS) (width 0.12))
    (fp_line (start -4.1 19.94) (end -10.1 19.94) (layer F.SilkS) (width 0.12))
    (fp_line (start -1.44 19.05) (end -4.1 19.05) (layer F.SilkS) (width 0.12))
    (fp_line (start -1.042929 18.16) (end -1.44 18.16) (layer F.SilkS) (width 0.12))
    (fp_line (start -1.042929 17.4) (end -1.44 17.4) (layer F.SilkS) (width 0.12))
    (fp_line (start -10.1 18.16) (end -4.1 18.16) (layer F.SilkS) (width 0.12))
    (fp_line (start -10.1 17.4) (end -10.1 18.16) (layer F.SilkS) (width 0.12))
    (fp_line (start -4.1 17.4) (end -10.1 17.4) (layer F.SilkS) (width 0.12))
    (fp_line (start -1.44 16.51) (end -4.1 16.51) (layer F.SilkS) (width 0.12))
    (fp_line (start -1.042929 15.62) (end -1.44 15.62) (layer F.SilkS) (width 0.12))
    (fp_line (start -1.042929 14.86) (end -1.44 14.86) (layer F.SilkS) (width 0.12))
    (fp_line (start -10.1 15.62) (end -4.1 15.62) (layer F.SilkS) (width 0.12))
    (fp_line (start -10.1 14.86) (end -10.1 15.62) (layer F.SilkS) (width 0.12))
    (fp_line (start -4.1 14.86) (end -10.1 14.86) (layer F.SilkS) (width 0.12))
    (fp_line (start -1.44 13.97) (end -4.1 13.97) (layer F.SilkS) (width 0.12))
    (fp_line (start -1.042929 13.08) (end -1.44 13.08) (layer F.SilkS) (width 0.12))
    (fp_line (start -1.042929 12.32) (end -1.44 12.32) (layer F.SilkS) (width 0.12))
    (fp_line (start -10.1 13.08) (end -4.1 13.08) (layer F.SilkS) (width 0.12))
    (fp_line (start -10.1 12.32) (end -10.1 13.08) (layer F.SilkS) (width 0.12))
    (fp_line (start -4.1 12.32) (end -10.1 12.32) (layer F.SilkS) (width 0.12))
    (fp_line (start -1.44 11.43) (end -4.1 11.43) (layer F.SilkS) (width 0.12))
    (fp_line (start -1.042929 10.54) (end -1.44 10.54) (layer F.SilkS) (width 0.12))
    (fp_line (start -1.042929 9.78) (end -1.44 9.78) (layer F.SilkS) (width 0.12))
    (fp_line (start -10.1 10.54) (end -4.1 10.54) (layer F.SilkS) (width 0.12))
    (fp_line (start -10.1 9.78) (end -10.1 10.54) (layer F.SilkS) (width 0.12))
    (fp_line (start -4.1 9.78) (end -10.1 9.78) (layer F.SilkS) (width 0.12))
    (fp_line (start -1.44 8.89) (end -4.1 8.89) (layer F.SilkS) (width 0.12))
    (fp_line (start -1.042929 8) (end -1.44 8) (layer F.SilkS) (width 0.12))
    (fp_line (start -1.042929 7.24) (end -1.44 7.24) (layer F.SilkS) (width 0.12))
    (fp_line (start -10.1 8) (end -4.1 8) (layer F.SilkS) (width 0.12))
    (fp_line (start -10.1 7.24) (end -10.1 8) (layer F.SilkS) (width 0.12))
    (fp_line (start -4.1 7.24) (end -10.1 7.24) (layer F.SilkS) (width 0.12))
    (fp_line (start -1.44 6.35) (end -4.1 6.35) (layer F.SilkS) (width 0.12))
    (fp_line (start -1.042929 5.46) (end -1.44 5.46) (layer F.SilkS) (width 0.12))
    (fp_line (start -1.042929 4.7) (end -1.44 4.7) (layer F.SilkS) (width 0.12))
    (fp_line (start -10.1 5.46) (end -4.1 5.46) (layer F.SilkS) (width 0.12))
    (fp_line (start -10.1 4.7) (end -10.1 5.46) (layer F.SilkS) (width 0.12))
    (fp_line (start -4.1 4.7) (end -10.1 4.7) (layer F.SilkS) (width 0.12))
    (fp_line (start -1.44 3.81) (end -4.1 3.81) (layer F.SilkS) (width 0.12))
    (fp_line (start -1.042929 2.92) (end -1.44 2.92) (layer F.SilkS) (width 0.12))
    (fp_line (start -1.042929 2.16) (end -1.44 2.16) (layer F.SilkS) (width 0.12))
    (fp_line (start -10.1 2.92) (end -4.1 2.92) (layer F.SilkS) (width 0.12))
    (fp_line (start -10.1 2.16) (end -10.1 2.92) (layer F.SilkS) (width 0.12))
    (fp_line (start -4.1 2.16) (end -10.1 2.16) (layer F.SilkS) (width 0.12))
    (fp_line (start -1.44 1.27) (end -4.1 1.27) (layer F.SilkS) (width 0.12))
    (fp_line (start -1.11 0.38) (end -1.44 0.38) (layer F.SilkS) (width 0.12))
    (fp_line (start -1.11 -0.38) (end -1.44 -0.38) (layer F.SilkS) (width 0.12))
    (fp_line (start -4.1 0.28) (end -10.1 0.28) (layer F.SilkS) (width 0.12))
    (fp_line (start -4.1 0.16) (end -10.1 0.16) (layer F.SilkS) (width 0.12))
    (fp_line (start -4.1 0.04) (end -10.1 0.04) (layer F.SilkS) (width 0.12))
    (fp_line (start -4.1 -0.08) (end -10.1 -0.08) (layer F.SilkS) (width 0.12))
    (fp_line (start -4.1 -0.2) (end -10.1 -0.2) (layer F.SilkS) (width 0.12))
    (fp_line (start -4.1 -0.32) (end -10.1 -0.32) (layer F.SilkS) (width 0.12))
    (fp_line (start -10.1 0.38) (end -4.1 0.38) (layer F.SilkS) (width 0.12))
    (fp_line (start -10.1 -0.38) (end -10.1 0.38) (layer F.SilkS) (width 0.12))
    (fp_line (start -4.1 -0.38) (end -10.1 -0.38) (layer F.SilkS) (width 0.12))
    (fp_line (start -4.1 -1.33) (end -1.44 -1.33) (layer F.SilkS) (width 0.12))
    (fp_line (start -4.1 21.65) (end -4.1 -1.33) (layer F.SilkS) (width 0.12))
    (fp_line (start -1.44 21.65) (end -4.1 21.65) (layer F.SilkS) (width 0.12))
    (fp_line (start -1.44 -1.33) (end -1.44 21.65) (layer F.SilkS) (width 0.12))
    (fp_line (start -4.04 20.64) (end -10.04 20.64) (layer F.Fab) (width 0.1))
    (fp_line (start -10.04 20) (end -10.04 20.64) (layer F.Fab) (width 0.1))
    (fp_line (start -4.04 20) (end -10.04 20) (layer F.Fab) (width 0.1))
    (fp_line (start 0.32 20.64) (end -1.5 20.64) (layer F.Fab) (width 0.1))
    (fp_line (start 0.32 20) (end 0.32 20.64) (layer F.Fab) (width 0.1))
    (fp_line (start 0.32 20) (end -1.5 20) (layer F.Fab) (width 0.1))
    (fp_line (start -4.04 18.1) (end -10.04 18.1) (layer F.Fab) (width 0.1))
    (fp_line (start -10.04 17.46) (end -10.04 18.1) (layer F.Fab) (width 0.1))
    (fp_line (start -4.04 17.46) (end -10.04 17.46) (layer F.Fab) (width 0.1))
    (fp_line (start 0.32 18.1) (end -1.5 18.1) (layer F.Fab) (width 0.1))
    (fp_line (start 0.32 17.46) (end 0.32 18.1) (layer F.Fab) (width 0.1))
    (fp_line (start 0.32 17.46) (end -1.5 17.46) (layer F.Fab) (width 0.1))
    (fp_line (start -4.04 15.56) (end -10.04 15.56) (layer F.Fab) (width 0.1))
    (fp_line (start -10.04 14.92) (end -10.04 15.56) (layer F.Fab) (width 0.1))
    (fp_line (start -4.04 14.92) (end -10.04 14.92) (layer F.Fab) (width 0.1))
    (fp_line (start 0.32 15.56) (end -1.5 15.56) (layer F.Fab) (width 0.1))
    (fp_line (start 0.32 14.92) (end 0.32 15.56) (layer F.Fab) (width 0.1))
    (fp_line (start 0.32 14.92) (end -1.5 14.92) (layer F.Fab) (width 0.1))
    (fp_line (start -4.04 13.02) (end -10.04 13.02) (layer F.Fab) (width 0.1))
    (fp_line (start -10.04 12.38) (end -10.04 13.02) (layer F.Fab) (width 0.1))
    (fp_line (start -4.04 12.38) (end -10.04 12.38) (layer F.Fab) (width 0.1))
    (fp_line (start 0.32 13.02) (end -1.5 13.02) (layer F.Fab) (width 0.1))
    (fp_line (start 0.32 12.38) (end 0.32 13.02) (layer F.Fab) (width 0.1))
    (fp_line (start 0.32 12.38) (end -1.5 12.38) (layer F.Fab) (width 0.1))
    (fp_line (start -4.04 10.48) (end -10.04 10.48) (layer F.Fab) (width 0.1))
    (fp_line (start -10.04 9.84) (end -10.04 10.48) (layer F.Fab) (width 0.1))
    (fp_line (start -4.04 9.84) (end -10.04 9.84) (layer F.Fab) (width 0.1))
    (fp_line (start 0.32 10.48) (end -1.5 10.48) (layer F.Fab) (width 0.1))
    (fp_line (start 0.32 9.84) (end 0.32 10.48) (layer F.Fab) (width 0.1))
    (fp_line (start 0.32 9.84) (end -1.5 9.84) (layer F.Fab) (width 0.1))
    (fp_line (start -4.04 7.94) (end -10.04 7.94) (layer F.Fab) (width 0.1))
    (fp_line (start -10.04 7.3) (end -10.04 7.94) (layer F.Fab) (width 0.1))
    (fp_line (start -4.04 7.3) (end -10.04 7.3) (layer F.Fab) (width 0.1))
    (fp_line (start 0.32 7.94) (end -1.5 7.94) (layer F.Fab) (width 0.1))
    (fp_line (start 0.32 7.3) (end 0.32 7.94) (layer F.Fab) (width 0.1))
    (fp_line (start 0.32 7.3) (end -1.5 7.3) (layer F.Fab) (width 0.1))
    (fp_line (start -4.04 5.4) (end -10.04 5.4) (layer F.Fab) (width 0.1))
    (fp_line (start -10.04 4.76) (end -10.04 5.4) (layer F.Fab) (width 0.1))
    (fp_line (start -4.04 4.76) (end -10.04 4.76) (layer F.Fab) (width 0.1))
    (fp_line (start 0.32 5.4) (end -1.5 5.4) (layer F.Fab) (width 0.1))
    (fp_line (start 0.32 4.76) (end 0.32 5.4) (layer F.Fab) (width 0.1))
    (fp_line (start 0.32 4.76) (end -1.5 4.76) (layer F.Fab) (width 0.1))
    (fp_line (start -4.04 2.86) (end -10.04 2.86) (layer F.Fab) (width 0.1))
    (fp_line (start -10.04 2.22) (end -10.04 2.86) (layer F.Fab) (width 0.1))
    (fp_line (start -4.04 2.22) (end -10.04 2.22) (layer F.Fab) (width 0.1))
    (fp_line (start 0.32 2.86) (end -1.5 2.86) (layer F.Fab) (width 0.1))
    (fp_line (start 0.32 2.22) (end 0.32 2.86) (layer F.Fab) (width 0.1))
    (fp_line (start 0.32 2.22) (end -1.5 2.22) (layer F.Fab) (width 0.1))
    (fp_line (start -4.04 0.32) (end -10.04 0.32) (layer F.Fab) (width 0.1))
    (fp_line (start -10.04 -0.32) (end -10.04 0.32) (layer F.Fab) (width 0.1))
    (fp_line (start -4.04 -0.32) (end -10.04 -0.32) (layer F.Fab) (width 0.1))
    (fp_line (start 0.32 0.32) (end -1.5 0.32) (layer F.Fab) (width 0.1))
    (fp_line (start 0.32 -0.32) (end 0.32 0.32) (layer F.Fab) (width 0.1))
    (fp_line (start 0.32 -0.32) (end -1.5 -0.32) (layer F.Fab) (width 0.1))
    (fp_line (start -1.5 -0.635) (end -2.135 -1.27) (layer F.Fab) (width 0.1))
    (fp_line (start -1.5 21.59) (end -1.5 -0.635) (layer F.Fab) (width 0.1))
    (fp_line (start -4.04 21.59) (end -1.5 21.59) (layer F.Fab) (width 0.1))
    (fp_line (start -4.04 -1.27) (end -4.04 21.59) (layer F.Fab) (width 0.1))
    (fp_line (start -2.135 -1.27) (end -4.04 -1.27) (layer F.Fab) (width 0.1))
    (fp_text user %R (at -10.16 -2.22 270) (layer F.Fab)
      (effects (font (size 1 1) (thickness 0.15)))
    )
    (pad 9 thru_hole oval (at 0 20.32 270) (size 1.7 1.7) (drill 1) (layers *.Cu *.Mask)
      (net 1 "Net-(D1-Pad1)"))
    (pad 8 thru_hole oval (at 0 17.78 270) (size 1.7 1.7) (drill 1) (layers *.Cu *.Mask)
      (net 9 "Net-(J1-Pad8)"))
    (pad 7 thru_hole oval (at 0 15.24 270) (size 1.7 1.7) (drill 1) (layers *.Cu *.Mask)
      (net 2 "Net-(D1-Pad2)"))
    (pad 6 thru_hole oval (at 0 12.7 270) (size 1.7 1.7) (drill 1) (layers *.Cu *.Mask)
      (net 3 "Net-(D2-Pad2)"))
    (pad 5 thru_hole oval (at 0 10.16 270) (size 1.7 1.7) (drill 1) (layers *.Cu *.Mask)
      (net 4 "Net-(D3-Pad2)"))
    (pad 4 thru_hole oval (at 0 7.62 270) (size 1.7 1.7) (drill 1) (layers *.Cu *.Mask)
      (net 5 "Net-(D4-Pad2)"))
    (pad 3 thru_hole oval (at 0 5.08 270) (size 1.7 1.7) (drill 1) (layers *.Cu *.Mask)
      (net 6 "Net-(D5-Pad2)"))
    (pad 2 thru_hole oval (at 0 2.54 270) (size 1.7 1.7) (drill 1) (layers *.Cu *.Mask)
      (net 7 "Net-(D6-Pad2)"))
    (pad 1 thru_hole rect (at 0 0 270) (size 1.7 1.7) (drill 1) (layers *.Cu *.Mask)
      (net 8 "Net-(D7-Pad2)"))
    (model ${KISYS3DMOD}/Connector_PinHeader_2.54mm.3dshapes/PinHeader_1x09_P2.54mm_Horizontal.wrl
      (at (xyz 0 0 0))
      (scale (xyz 1 1 1))
      (rotate (xyz 0 0 0))
    )
  )

  (module LED_THT:LED_D5.0mm_Clear (layer F.Cu) (tedit 5A6C9BC0) (tstamp 614186CB)
    (at -76.83 59.59 270)
    (descr "LED, diameter 5.0mm, 2 pins, http://cdn-reichelt.de/documents/datenblatt/A500/LL-504BC2E-009.pdf")
    (tags "LED diameter 5.0mm 2 pins")
    (path /61351990)
    (fp_text reference D7 (at -1.27 5.08 180) (layer F.SilkS)
      (effects (font (size 1 1) (thickness 0.15)))
    )
    (fp_text value SFH460 (at 2.54 0 180) (layer F.Fab)
      (effects (font (size 1 1) (thickness 0.15)))
    )
    (fp_circle (center -1.27 0) (end -3.77 0) (layer F.SilkS) (width 0.12))
    (fp_circle (center -1.27 0) (end -3.77 0) (layer F.Fab) (width 0.1))
    (fp_line (start -4.5 -3.25) (end 1.95 -3.25) (layer F.CrtYd) (width 0.05))
    (fp_line (start -4.5 3.25) (end -4.5 -3.25) (layer F.CrtYd) (width 0.05))
    (fp_line (start 1.95 3.25) (end -4.5 3.25) (layer F.CrtYd) (width 0.05))
    (fp_line (start 1.95 -3.25) (end 1.95 3.25) (layer F.CrtYd) (width 0.05))
    (fp_line (start 1.29 -1.545) (end 1.29 1.545) (layer F.SilkS) (width 0.12))
    (fp_line (start 1.23 -1.469694) (end 1.23 1.469694) (layer F.Fab) (width 0.1))
    (fp_text user %R (at -1.25 0 270) (layer F.Fab)
      (effects (font (size 0.8 0.8) (thickness 0.2)))
    )
    (fp_arc (start -1.27 0) (end 1.23 -1.469694) (angle 299.1) (layer F.Fab) (width 0.1))
    (fp_arc (start -1.27 0) (end 1.29 -1.54483) (angle 148.9) (layer F.SilkS) (width 0.12))
    (fp_arc (start -1.27 0) (end 1.29 1.54483) (angle -148.9) (layer F.SilkS) (width 0.12))
    (pad 1 thru_hole rect (at 0 0 270) (size 1.8 1.8) (drill 0.9) (layers *.Cu *.Mask)
      (net 1 "Net-(D1-Pad1)"))
    (pad 2 thru_hole circle (at -2.54 0 270) (size 1.8 1.8) (drill 0.9) (layers *.Cu *.Mask)
      (net 8 "Net-(D7-Pad2)"))
    (model ${KISYS3DMOD}/LED_THT.3dshapes/LED_D5.0mm_Clear.wrl
      (at (xyz 0 0 0))
      (scale (xyz 1 1 1))
      (rotate (xyz 0 0 0))
    )
  )

  (module LED_THT:LED_D5.0mm_Clear (layer F.Cu) (tedit 5A6C9BC0) (tstamp 614186B9)
    (at -103.901 62.638 270)
    (descr "LED, diameter 5.0mm, 2 pins, http://cdn-reichelt.de/documents/datenblatt/A500/LL-504BC2E-009.pdf")
    (tags "LED diameter 5.0mm 2 pins")
    (path /613517B0)
    (fp_text reference D6 (at -1.392 5.206 180) (layer F.SilkS)
      (effects (font (size 1 1) (thickness 0.15)))
    )
    (fp_text value SFH460 (at 2.54 0 180) (layer F.Fab)
      (effects (font (size 1 1) (thickness 0.15)))
    )
    (fp_line (start 1.23 -1.469694) (end 1.23 1.469694) (layer F.Fab) (width 0.1))
    (fp_line (start 1.29 -1.545) (end 1.29 1.545) (layer F.SilkS) (width 0.12))
    (fp_line (start 1.95 -3.25) (end 1.95 3.25) (layer F.CrtYd) (width 0.05))
    (fp_line (start 1.95 3.25) (end -4.5 3.25) (layer F.CrtYd) (width 0.05))
    (fp_line (start -4.5 3.25) (end -4.5 -3.25) (layer F.CrtYd) (width 0.05))
    (fp_line (start -4.5 -3.25) (end 1.95 -3.25) (layer F.CrtYd) (width 0.05))
    (fp_circle (center -1.27 0) (end -3.77 0) (layer F.Fab) (width 0.1))
    (fp_circle (center -1.27 0) (end -3.77 0) (layer F.SilkS) (width 0.12))
    (fp_arc (start -1.27 0) (end 1.29 1.54483) (angle -148.9) (layer F.SilkS) (width 0.12))
    (fp_arc (start -1.27 0) (end 1.29 -1.54483) (angle 148.9) (layer F.SilkS) (width 0.12))
    (fp_arc (start -1.27 0) (end 1.23 -1.469694) (angle 299.1) (layer F.Fab) (width 0.1))
    (fp_text user %R (at -1.25 0 270) (layer F.Fab)
      (effects (font (size 0.8 0.8) (thickness 0.2)))
    )
    (pad 2 thru_hole circle (at -2.54 0 270) (size 1.8 1.8) (drill 0.9) (layers *.Cu *.Mask)
      (net 7 "Net-(D6-Pad2)"))
    (pad 1 thru_hole rect (at 0 0 270) (size 1.8 1.8) (drill 0.9) (layers *.Cu *.Mask)
      (net 1 "Net-(D1-Pad1)"))
    (model ${KISYS3DMOD}/LED_THT.3dshapes/LED_D5.0mm_Clear.wrl
      (at (xyz 0 0 0))
      (scale (xyz 1 1 1))
      (rotate (xyz 0 0 0))
    )
  )

  (module LED_THT:LED_D5.0mm_Clear (layer F.Cu) (tedit 5A6C9BC0) (tstamp 614186A7)
    (at -130.972 65.686 270)
    (descr "LED, diameter 5.0mm, 2 pins, http://cdn-reichelt.de/documents/datenblatt/A500/LL-504BC2E-009.pdf")
    (tags "LED diameter 5.0mm 2 pins")
    (path /61351738)
    (fp_text reference D5 (at -1.27 5.08 180) (layer F.SilkS)
      (effects (font (size 1 1) (thickness 0.15)))
    )
    (fp_text value SFH460 (at 2.54 0) (layer F.Fab)
      (effects (font (size 1 1) (thickness 0.15)))
    )
    (fp_circle (center -1.27 0) (end -3.77 0) (layer F.SilkS) (width 0.12))
    (fp_circle (center -1.27 0) (end -3.77 0) (layer F.Fab) (width 0.1))
    (fp_line (start -4.5 -3.25) (end 1.95 -3.25) (layer F.CrtYd) (width 0.05))
    (fp_line (start -4.5 3.25) (end -4.5 -3.25) (layer F.CrtYd) (width 0.05))
    (fp_line (start 1.95 3.25) (end -4.5 3.25) (layer F.CrtYd) (width 0.05))
    (fp_line (start 1.95 -3.25) (end 1.95 3.25) (layer F.CrtYd) (width 0.05))
    (fp_line (start 1.29 -1.545) (end 1.29 1.545) (layer F.SilkS) (width 0.12))
    (fp_line (start 1.23 -1.469694) (end 1.23 1.469694) (layer F.Fab) (width 0.1))
    (fp_text user %R (at -1.25 0 270) (layer F.Fab)
      (effects (font (size 0.8 0.8) (thickness 0.2)))
    )
    (fp_arc (start -1.27 0) (end 1.23 -1.469694) (angle 299.1) (layer F.Fab) (width 0.1))
    (fp_arc (start -1.27 0) (end 1.29 -1.54483) (angle 148.9) (layer F.SilkS) (width 0.12))
    (fp_arc (start -1.27 0) (end 1.29 1.54483) (angle -148.9) (layer F.SilkS) (width 0.12))
    (pad 1 thru_hole rect (at 0 0 270) (size 1.8 1.8) (drill 0.9) (layers *.Cu *.Mask)
      (net 1 "Net-(D1-Pad1)"))
    (pad 2 thru_hole circle (at -2.54 0 270) (size 1.8 1.8) (drill 0.9) (layers *.Cu *.Mask)
      (net 6 "Net-(D5-Pad2)"))
    (model ${KISYS3DMOD}/LED_THT.3dshapes/LED_D5.0mm_Clear.wrl
      (at (xyz 0 0 0))
      (scale (xyz 1 1 1))
      (rotate (xyz 0 0 0))
    )
  )

  (module LED_THT:LED_D5.0mm_Clear (layer F.Cu) (tedit 5A6C9BC0) (tstamp 61418695)
    (at -158.043 68.734 270)
    (descr "LED, diameter 5.0mm, 2 pins, http://cdn-reichelt.de/documents/datenblatt/A500/LL-504BC2E-009.pdf")
    (tags "LED diameter 5.0mm 2 pins")
    (path /613516B1)
    (fp_text reference D4 (at -1.27 5.08 180) (layer F.SilkS)
      (effects (font (size 1 1) (thickness 0.15)))
    )
    (fp_text value SFH460 (at 2.54 0 180) (layer F.Fab)
      (effects (font (size 1 1) (thickness 0.15)))
    )
    (fp_line (start 1.23 -1.469694) (end 1.23 1.469694) (layer F.Fab) (width 0.1))
    (fp_line (start 1.29 -1.545) (end 1.29 1.545) (layer F.SilkS) (width 0.12))
    (fp_line (start 1.95 -3.25) (end 1.95 3.25) (layer F.CrtYd) (width 0.05))
    (fp_line (start 1.95 3.25) (end -4.5 3.25) (layer F.CrtYd) (width 0.05))
    (fp_line (start -4.5 3.25) (end -4.5 -3.25) (layer F.CrtYd) (width 0.05))
    (fp_line (start -4.5 -3.25) (end 1.95 -3.25) (layer F.CrtYd) (width 0.05))
    (fp_circle (center -1.27 0) (end -3.77 0) (layer F.Fab) (width 0.1))
    (fp_circle (center -1.27 0) (end -3.77 0) (layer F.SilkS) (width 0.12))
    (fp_arc (start -1.27 0) (end 1.29 1.54483) (angle -148.9) (layer F.SilkS) (width 0.12))
    (fp_arc (start -1.27 0) (end 1.29 -1.54483) (angle 148.9) (layer F.SilkS) (width 0.12))
    (fp_arc (start -1.27 0) (end 1.23 -1.469694) (angle 299.1) (layer F.Fab) (width 0.1))
    (fp_text user %R (at -1.25 0 270) (layer F.Fab)
      (effects (font (size 0.8 0.8) (thickness 0.2)))
    )
    (pad 2 thru_hole circle (at -2.54 0 270) (size 1.8 1.8) (drill 0.9) (layers *.Cu *.Mask)
      (net 5 "Net-(D4-Pad2)"))
    (pad 1 thru_hole rect (at 0 0 270) (size 1.8 1.8) (drill 0.9) (layers *.Cu *.Mask)
      (net 1 "Net-(D1-Pad1)"))
    (model ${KISYS3DMOD}/LED_THT.3dshapes/LED_D5.0mm_Clear.wrl
      (at (xyz 0 0 0))
      (scale (xyz 1 1 1))
      (rotate (xyz 0 0 0))
    )
  )

  (module LED_THT:LED_D5.0mm_Clear (layer F.Cu) (tedit 5A6C9BC0) (tstamp 61418683)
    (at -185.114 71.782 270)
    (descr "LED, diameter 5.0mm, 2 pins, http://cdn-reichelt.de/documents/datenblatt/A500/LL-504BC2E-009.pdf")
    (tags "LED diameter 5.0mm 2 pins")
    (path /613514F7)
    (fp_text reference D3 (at -1.27 5.08 180) (layer F.SilkS)
      (effects (font (size 1 1) (thickness 0.15)))
    )
    (fp_text value SFH460 (at 2.54 0 180) (layer F.Fab)
      (effects (font (size 1 1) (thickness 0.15)))
    )
    (fp_circle (center -1.27 0) (end -3.77 0) (layer F.SilkS) (width 0.12))
    (fp_circle (center -1.27 0) (end -3.77 0) (layer F.Fab) (width 0.1))
    (fp_line (start -4.5 -3.25) (end 1.95 -3.25) (layer F.CrtYd) (width 0.05))
    (fp_line (start -4.5 3.25) (end -4.5 -3.25) (layer F.CrtYd) (width 0.05))
    (fp_line (start 1.95 3.25) (end -4.5 3.25) (layer F.CrtYd) (width 0.05))
    (fp_line (start 1.95 -3.25) (end 1.95 3.25) (layer F.CrtYd) (width 0.05))
    (fp_line (start 1.29 -1.545) (end 1.29 1.545) (layer F.SilkS) (width 0.12))
    (fp_line (start 1.23 -1.469694) (end 1.23 1.469694) (layer F.Fab) (width 0.1))
    (fp_text user %R (at -1.25 0 270) (layer F.Fab)
      (effects (font (size 0.8 0.8) (thickness 0.2)))
    )
    (fp_arc (start -1.27 0) (end 1.23 -1.469694) (angle 299.1) (layer F.Fab) (width 0.1))
    (fp_arc (start -1.27 0) (end 1.29 -1.54483) (angle 148.9) (layer F.SilkS) (width 0.12))
    (fp_arc (start -1.27 0) (end 1.29 1.54483) (angle -148.9) (layer F.SilkS) (width 0.12))
    (pad 1 thru_hole rect (at 0 0 270) (size 1.8 1.8) (drill 0.9) (layers *.Cu *.Mask)
      (net 1 "Net-(D1-Pad1)"))
    (pad 2 thru_hole circle (at -2.54 0 270) (size 1.8 1.8) (drill 0.9) (layers *.Cu *.Mask)
      (net 4 "Net-(D3-Pad2)"))
    (model ${KISYS3DMOD}/LED_THT.3dshapes/LED_D5.0mm_Clear.wrl
      (at (xyz 0 0 0))
      (scale (xyz 1 1 1))
      (rotate (xyz 0 0 0))
    )
  )

  (module LED_THT:LED_D5.0mm_Clear (layer F.Cu) (tedit 5A6C9BC0) (tstamp 61418671)
    (at -212.185 74.83 270)
    (descr "LED, diameter 5.0mm, 2 pins, http://cdn-reichelt.de/documents/datenblatt/A500/LL-504BC2E-009.pdf")
    (tags "LED diameter 5.0mm 2 pins")
    (path /6135145B)
    (fp_text reference D2 (at -1.27 5.08 180) (layer F.SilkS)
      (effects (font (size 1 1) (thickness 0.15)))
    )
    (fp_text value SFH460 (at 2.54 0 180) (layer F.Fab)
      (effects (font (size 1 1) (thickness 0.15)))
    )
    (fp_line (start 1.23 -1.469694) (end 1.23 1.469694) (layer F.Fab) (width 0.1))
    (fp_line (start 1.29 -1.545) (end 1.29 1.545) (layer F.SilkS) (width 0.12))
    (fp_line (start 1.95 -3.25) (end 1.95 3.25) (layer F.CrtYd) (width 0.05))
    (fp_line (start 1.95 3.25) (end -4.5 3.25) (layer F.CrtYd) (width 0.05))
    (fp_line (start -4.5 3.25) (end -4.5 -3.25) (layer F.CrtYd) (width 0.05))
    (fp_line (start -4.5 -3.25) (end 1.95 -3.25) (layer F.CrtYd) (width 0.05))
    (fp_circle (center -1.27 0) (end -3.77 0) (layer F.Fab) (width 0.1))
    (fp_circle (center -1.27 0) (end -3.77 0) (layer F.SilkS) (width 0.12))
    (fp_arc (start -1.27 0) (end 1.29 1.54483) (angle -148.9) (layer F.SilkS) (width 0.12))
    (fp_arc (start -1.27 0) (end 1.29 -1.54483) (angle 148.9) (layer F.SilkS) (width 0.12))
    (fp_arc (start -1.27 0) (end 1.23 -1.469694) (angle 299.1) (layer F.Fab) (width 0.1))
    (fp_text user %R (at -1.25 0 270) (layer F.Fab)
      (effects (font (size 0.8 0.8) (thickness 0.2)))
    )
    (pad 2 thru_hole circle (at -2.54 0 270) (size 1.8 1.8) (drill 0.9) (layers *.Cu *.Mask)
      (net 3 "Net-(D2-Pad2)"))
    (pad 1 thru_hole rect (at 0 0 270) (size 1.8 1.8) (drill 0.9) (layers *.Cu *.Mask)
      (net 1 "Net-(D1-Pad1)"))
    (model ${KISYS3DMOD}/LED_THT.3dshapes/LED_D5.0mm_Clear.wrl
      (at (xyz 0 0 0))
      (scale (xyz 1 1 1))
      (rotate (xyz 0 0 0))
    )
  )

  (module LED_THT:LED_D5.0mm_Clear (layer F.Cu) (tedit 5A6C9BC0) (tstamp 6141865F)
    (at -222.25 55.705 270)
    (descr "LED, diameter 5.0mm, 2 pins, http://cdn-reichelt.de/documents/datenblatt/A500/LL-504BC2E-009.pdf")
    (tags "LED diameter 5.0mm 2 pins")
    (path /613501A2)
    (fp_text reference D1 (at -1.27 5.08 180) (layer F.SilkS)
      (effects (font (size 1 1) (thickness 0.15)))
    )
    (fp_text value SFH460 (at 2.54 0 180) (layer F.Fab)
      (effects (font (size 1 1) (thickness 0.15)))
    )
    (fp_line (start 1.23 -1.469694) (end 1.23 1.469694) (layer F.Fab) (width 0.1))
    (fp_line (start 1.29 -1.545) (end 1.29 1.545) (layer F.SilkS) (width 0.12))
    (fp_line (start 1.95 -3.25) (end 1.95 3.25) (layer F.CrtYd) (width 0.05))
    (fp_line (start 1.95 3.25) (end -4.5 3.25) (layer F.CrtYd) (width 0.05))
    (fp_line (start -4.5 3.25) (end -4.5 -3.25) (layer F.CrtYd) (width 0.05))
    (fp_line (start -4.5 -3.25) (end 1.95 -3.25) (layer F.CrtYd) (width 0.05))
    (fp_circle (center -1.27 0) (end -3.77 0) (layer F.Fab) (width 0.1))
    (fp_circle (center -1.27 0) (end -3.77 0) (layer F.SilkS) (width 0.12))
    (fp_arc (start -1.27 0) (end 1.29 1.54483) (angle -148.9) (layer F.SilkS) (width 0.12))
    (fp_arc (start -1.27 0) (end 1.29 -1.54483) (angle 148.9) (layer F.SilkS) (width 0.12))
    (fp_arc (start -1.27 0) (end 1.23 -1.469694) (angle 299.1) (layer F.Fab) (width 0.1))
    (fp_text user %R (at -1.25 0 270) (layer F.Fab)
      (effects (font (size 0.8 0.8) (thickness 0.2)))
    )
    (pad 2 thru_hole circle (at -2.54 0 270) (size 1.8 1.8) (drill 0.9) (layers *.Cu *.Mask)
      (net 2 "Net-(D1-Pad2)"))
    (pad 1 thru_hole rect (at 0 0 270) (size 1.8 1.8) (drill 0.9) (layers *.Cu *.Mask)
      (net 1 "Net-(D1-Pad1)"))
    (model ${KISYS3DMOD}/LED_THT.3dshapes/LED_D5.0mm_Clear.wrl
      (at (xyz 0 0 0))
      (scale (xyz 1 1 1))
      (rotate (xyz 0 0 0))
    )
  )

  (gr_line (start -210 45.72) (end -210 53.72) (layer Edge.Cuts) (width 0.15))
  (gr_line (start -180 45.72) (end -180 53.72) (layer Edge.Cuts) (width 0.15))
  (gr_line (start -130 45.72) (end -130 53.72) (layer Edge.Cuts) (width 0.15))
  (gr_line (start -100 45.72) (end -100 53.72) (layer Edge.Cuts) (width 0.15))
  (gr_line (start -130 45.72) (end -180 45.72) (layer Edge.Cuts) (width 0.15) (tstamp 6320ADA1))
  (gr_line (start -100 53.72) (end -130 53.72) (layer Edge.Cuts) (width 0.15) (tstamp 6320AD35))
  (gr_line (start -180 53.72) (end -210 53.72) (layer Edge.Cuts) (width 0.15))
  (gr_line (start -210 45.72) (end -229.87 45.72) (layer Edge.Cuts) (width 0.15) (tstamp 6320ABFC))
  (gr_text "Rev: v1.15" (at -68.81 81.1) (layer F.SilkS)
    (effects (font (size 1.5 1.5) (thickness 0.3)) (justify left))
  )
  (gr_line (start -99.695 73.025) (end -99.695 80.645) (layer F.SilkS) (width 0.2))
  (gr_line (start -123.825 73.025) (end -99.695 73.025) (layer F.SilkS) (width 0.2))
  (gr_line (start -218.44 50.625) (end -218.44 58.245) (layer F.SilkS) (width 0.15))
  (gr_line (start -226.06 50.625) (end -218.44 50.625) (layer F.SilkS) (width 0.15))
  (gr_line (start -208.375 69.85) (end -208.375 77.47) (layer F.SilkS) (width 0.15))
  (gr_line (start -215.995 69.85) (end -208.375 69.85) (layer F.SilkS) (width 0.15))
  (gr_line (start -181.304 66.702) (end -181.304 74.322) (layer F.SilkS) (width 0.15))
  (gr_line (start -188.924 66.702) (end -181.304 66.702) (layer F.SilkS) (width 0.15))
  (gr_line (start -154.233 63.654) (end -154.233 71.274) (layer F.SilkS) (width 0.15))
  (gr_line (start -161.853 63.654) (end -154.233 63.654) (layer F.SilkS) (width 0.15))
  (gr_line (start -127.162 60.606) (end -127.162 68.226) (layer F.SilkS) (width 0.15))
  (gr_line (start -134.782 60.606) (end -127.162 60.606) (layer F.SilkS) (width 0.15))
  (gr_line (start -100.091 57.558) (end -100.091 65.178) (layer F.SilkS) (width 0.15))
  (gr_line (start -107.711 57.558) (end -100.091 57.558) (layer F.SilkS) (width 0.15))
  (gr_line (start -73.02 54.51) (end -73.02 62.13) (layer F.SilkS) (width 0.15))
  (gr_line (start -80.64 54.51) (end -73.02 54.51) (layer F.SilkS) (width 0.15))
  (gr_circle (center -144.907 57.277) (end -147.407 57.277) (layer Edge.Cuts) (width 0.15) (tstamp 61438961))
  (gr_circle (center -90.424 57.785) (end -92.924 57.785) (layer Edge.Cuts) (width 0.15) (tstamp 614388B5))
  (gr_circle (center -144.907 63.627) (end -147.407 63.627) (layer Edge.Cuts) (width 0.15) (tstamp 614388A5))
  (gr_circle (center -199.144 69.85) (end -201.644 69.85) (layer Edge.Cuts) (width 0.15))
  (gr_line (start -67.31 45.72) (end -67.31 83.82) (layer Edge.Cuts) (width 0.15))
  (gr_line (start -229.87 59.69) (end -213.36 83.82) (layer Edge.Cuts) (width 0.15))
  (gr_line (start -229.87 45.72) (end -229.87 59.69) (layer Edge.Cuts) (width 0.15))
  (gr_line (start -67.31 45.72) (end -100 45.72) (layer Edge.Cuts) (width 0.15))
  (gr_line (start -67.31 83.82) (end -213.36 83.82) (layer Edge.Cuts) (width 0.15))

)
