(kicad_pcb (version 20171130) (host pcbnew 5.1.9+dfsg1-1)

  (general
    (thickness 1.6)
    (drawings 600)
    (tracks 66)
    (zones 0)
    (modules 8)
    (nets 10)
  )

  (page A4)
  (title_block
    (rev v1.25)
  )

  (layers
    (0 F.Cu signal)
    (31 B.Cu signal)
    (32 B.Adhes user)
    (33 F.Adhes user)
    (34 B.Paste user)
    (35 F.Paste user)
    (36 B.SilkS user)
    (37 F.SilkS user)
    (38 B.Mask user)
    (39 F.Mask user)
    (40 Dwgs.User user)
    (41 Cmts.User user)
    (42 Eco1.User user)
    (43 Eco2.User user)
    (44 Edge.Cuts user)
    (45 Margin user)
    (46 B.CrtYd user)
    (47 F.CrtYd user)
    (48 B.Fab user)
    (49 F.Fab user)
  )

  (setup
    (last_trace_width 0.75)
    (user_trace_width 0.5)
    (user_trace_width 0.75)
    (trace_clearance 0.2)
    (zone_clearance 0.508)
    (zone_45_only no)
    (trace_min 0.2)
    (via_size 0.8)
    (via_drill 0.4)
    (via_min_size 0.4)
    (via_min_drill 0.3)
    (uvia_size 0.3)
    (uvia_drill 0.1)
    (uvias_allowed no)
    (uvia_min_size 0.2)
    (uvia_min_drill 0.1)
    (edge_width 0.15)
    (segment_width 0.2)
    (pcb_text_width 0.3)
    (pcb_text_size 1.5 1.5)
    (mod_edge_width 0.15)
    (mod_text_size 1 1)
    (mod_text_width 0.15)
    (pad_size 1.524 1.524)
    (pad_drill 0.762)
    (pad_to_mask_clearance 0.051)
    (solder_mask_min_width 0.25)
    (aux_axis_origin 0 0)
    (visible_elements FFFFEF7F)
    (pcbplotparams
      (layerselection 0x010fc_ffffffff)
      (usegerberextensions false)
      (usegerberattributes false)
      (usegerberadvancedattributes false)
      (creategerberjobfile false)
      (excludeedgelayer true)
      (linewidth 0.100000)
      (plotframeref false)
      (viasonmask false)
      (mode 1)
      (useauxorigin false)
      (hpglpennumber 1)
      (hpglpenspeed 20)
      (hpglpendiameter 15.000000)
      (psnegative false)
      (psa4output false)
      (plotreference true)
      (plotvalue true)
      (plotinvisibletext false)
      (padsonsilk false)
      (subtractmaskfromsilk false)
      (outputformat 1)
      (mirror false)
      (drillshape 1)
      (scaleselection 1)
      (outputdirectory ""))
  )

  (net 0 "")
  (net 1 "Net-(D1-Pad1)")
  (net 2 "Net-(D1-Pad2)")
  (net 3 "Net-(D2-Pad2)")
  (net 4 "Net-(D3-Pad2)")
  (net 5 "Net-(D4-Pad2)")
  (net 6 "Net-(D5-Pad2)")
  (net 7 "Net-(D6-Pad2)")
  (net 8 "Net-(D7-Pad2)")
  (net 9 "Net-(J1-Pad8)")

  (net_class Default "This is the default net class."
    (clearance 0.2)
    (trace_width 0.25)
    (via_dia 0.8)
    (via_drill 0.4)
    (uvia_dia 0.3)
    (uvia_drill 0.1)
    (add_net "Net-(D1-Pad1)")
    (add_net "Net-(D1-Pad2)")
    (add_net "Net-(D2-Pad2)")
    (add_net "Net-(D3-Pad2)")
    (add_net "Net-(D4-Pad2)")
    (add_net "Net-(D5-Pad2)")
    (add_net "Net-(D6-Pad2)")
    (add_net "Net-(D7-Pad2)")
    (add_net "Net-(J1-Pad8)")
  )

  (module Connector_PinHeader_2_54:PinHeader_1x09_P2.54mm_Horizontal (layer B.Cu) (tedit 59FED5CB) (tstamp 61418711)
    (at 96.647 109.855 270)
    (descr "Through hole angled pin header, 1x09, 2.54mm pitch, 6mm pin length, single row")
    (tags "Through hole angled pin header THT 1x09 2.54mm single row")
    (path /61350B6C)
    (fp_text reference J1 (at 6.477 -23.495) (layer B.SilkS)
      (effects (font (size 1 1) (thickness 0.15)) (justify mirror))
    )
    (fp_text value "Molex 22-05-3091" (at -3.175 -9.525) (layer B.Fab)
      (effects (font (size 1 1) (thickness 0.15)) (justify mirror))
    )
    (fp_line (start 2.135 1.27) (end 4.04 1.27) (layer B.Fab) (width 0.1))
    (fp_line (start 4.04 1.27) (end 4.04 -21.59) (layer B.Fab) (width 0.1))
    (fp_line (start 4.04 -21.59) (end 1.5 -21.59) (layer B.Fab) (width 0.1))
    (fp_line (start 1.5 -21.59) (end 1.5 0.635) (layer B.Fab) (width 0.1))
    (fp_line (start 1.5 0.635) (end 2.135 1.27) (layer B.Fab) (width 0.1))
    (fp_line (start -0.32 0.32) (end 1.5 0.32) (layer B.Fab) (width 0.1))
    (fp_line (start -0.32 0.32) (end -0.32 -0.32) (layer B.Fab) (width 0.1))
    (fp_line (start -0.32 -0.32) (end 1.5 -0.32) (layer B.Fab) (width 0.1))
    (fp_line (start 4.04 0.32) (end 10.04 0.32) (layer B.Fab) (width 0.1))
    (fp_line (start 10.04 0.32) (end 10.04 -0.32) (layer B.Fab) (width 0.1))
    (fp_line (start 4.04 -0.32) (end 10.04 -0.32) (layer B.Fab) (width 0.1))
    (fp_line (start -0.32 -2.22) (end 1.5 -2.22) (layer B.Fab) (width 0.1))
    (fp_line (start -0.32 -2.22) (end -0.32 -2.86) (layer B.Fab) (width 0.1))
    (fp_line (start -0.32 -2.86) (end 1.5 -2.86) (layer B.Fab) (width 0.1))
    (fp_line (start 4.04 -2.22) (end 10.04 -2.22) (layer B.Fab) (width 0.1))
    (fp_line (start 10.04 -2.22) (end 10.04 -2.86) (layer B.Fab) (width 0.1))
    (fp_line (start 4.04 -2.86) (end 10.04 -2.86) (layer B.Fab) (width 0.1))
    (fp_line (start -0.32 -4.76) (end 1.5 -4.76) (layer B.Fab) (width 0.1))
    (fp_line (start -0.32 -4.76) (end -0.32 -5.4) (layer B.Fab) (width 0.1))
    (fp_line (start -0.32 -5.4) (end 1.5 -5.4) (layer B.Fab) (width 0.1))
    (fp_line (start 4.04 -4.76) (end 10.04 -4.76) (layer B.Fab) (width 0.1))
    (fp_line (start 10.04 -4.76) (end 10.04 -5.4) (layer B.Fab) (width 0.1))
    (fp_line (start 4.04 -5.4) (end 10.04 -5.4) (layer B.Fab) (width 0.1))
    (fp_line (start -0.32 -7.3) (end 1.5 -7.3) (layer B.Fab) (width 0.1))
    (fp_line (start -0.32 -7.3) (end -0.32 -7.94) (layer B.Fab) (width 0.1))
    (fp_line (start -0.32 -7.94) (end 1.5 -7.94) (layer B.Fab) (width 0.1))
    (fp_line (start 4.04 -7.3) (end 10.04 -7.3) (layer B.Fab) (width 0.1))
    (fp_line (start 10.04 -7.3) (end 10.04 -7.94) (layer B.Fab) (width 0.1))
    (fp_line (start 4.04 -7.94) (end 10.04 -7.94) (layer B.Fab) (width 0.1))
    (fp_line (start -0.32 -9.84) (end 1.5 -9.84) (layer B.Fab) (width 0.1))
    (fp_line (start -0.32 -9.84) (end -0.32 -10.48) (layer B.Fab) (width 0.1))
    (fp_line (start -0.32 -10.48) (end 1.5 -10.48) (layer B.Fab) (width 0.1))
    (fp_line (start 4.04 -9.84) (end 10.04 -9.84) (layer B.Fab) (width 0.1))
    (fp_line (start 10.04 -9.84) (end 10.04 -10.48) (layer B.Fab) (width 0.1))
    (fp_line (start 4.04 -10.48) (end 10.04 -10.48) (layer B.Fab) (width 0.1))
    (fp_line (start -0.32 -12.38) (end 1.5 -12.38) (layer B.Fab) (width 0.1))
    (fp_line (start -0.32 -12.38) (end -0.32 -13.02) (layer B.Fab) (width 0.1))
    (fp_line (start -0.32 -13.02) (end 1.5 -13.02) (layer B.Fab) (width 0.1))
    (fp_line (start 4.04 -12.38) (end 10.04 -12.38) (layer B.Fab) (width 0.1))
    (fp_line (start 10.04 -12.38) (end 10.04 -13.02) (layer B.Fab) (width 0.1))
    (fp_line (start 4.04 -13.02) (end 10.04 -13.02) (layer B.Fab) (width 0.1))
    (fp_line (start -0.32 -14.92) (end 1.5 -14.92) (layer B.Fab) (width 0.1))
    (fp_line (start -0.32 -14.92) (end -0.32 -15.56) (layer B.Fab) (width 0.1))
    (fp_line (start -0.32 -15.56) (end 1.5 -15.56) (layer B.Fab) (width 0.1))
    (fp_line (start 4.04 -14.92) (end 10.04 -14.92) (layer B.Fab) (width 0.1))
    (fp_line (start 10.04 -14.92) (end 10.04 -15.56) (layer B.Fab) (width 0.1))
    (fp_line (start 4.04 -15.56) (end 10.04 -15.56) (layer B.Fab) (width 0.1))
    (fp_line (start -0.32 -17.46) (end 1.5 -17.46) (layer B.Fab) (width 0.1))
    (fp_line (start -0.32 -17.46) (end -0.32 -18.1) (layer B.Fab) (width 0.1))
    (fp_line (start -0.32 -18.1) (end 1.5 -18.1) (layer B.Fab) (width 0.1))
    (fp_line (start 4.04 -17.46) (end 10.04 -17.46) (layer B.Fab) (width 0.1))
    (fp_line (start 10.04 -17.46) (end 10.04 -18.1) (layer B.Fab) (width 0.1))
    (fp_line (start 4.04 -18.1) (end 10.04 -18.1) (layer B.Fab) (width 0.1))
    (fp_line (start -0.32 -20) (end 1.5 -20) (layer B.Fab) (width 0.1))
    (fp_line (start -0.32 -20) (end -0.32 -20.64) (layer B.Fab) (width 0.1))
    (fp_line (start -0.32 -20.64) (end 1.5 -20.64) (layer B.Fab) (width 0.1))
    (fp_line (start 4.04 -20) (end 10.04 -20) (layer B.Fab) (width 0.1))
    (fp_line (start 10.04 -20) (end 10.04 -20.64) (layer B.Fab) (width 0.1))
    (fp_line (start 4.04 -20.64) (end 10.04 -20.64) (layer B.Fab) (width 0.1))
    (fp_line (start 1.44 1.33) (end 1.44 -21.65) (layer B.SilkS) (width 0.12))
    (fp_line (start 1.44 -21.65) (end 4.1 -21.65) (layer B.SilkS) (width 0.12))
    (fp_line (start 4.1 -21.65) (end 4.1 1.33) (layer B.SilkS) (width 0.12))
    (fp_line (start 4.1 1.33) (end 1.44 1.33) (layer B.SilkS) (width 0.12))
    (fp_line (start 4.1 0.38) (end 10.1 0.38) (layer B.SilkS) (width 0.12))
    (fp_line (start 10.1 0.38) (end 10.1 -0.38) (layer B.SilkS) (width 0.12))
    (fp_line (start 10.1 -0.38) (end 4.1 -0.38) (layer B.SilkS) (width 0.12))
    (fp_line (start 4.1 0.32) (end 10.1 0.32) (layer B.SilkS) (width 0.12))
    (fp_line (start 4.1 0.2) (end 10.1 0.2) (layer B.SilkS) (width 0.12))
    (fp_line (start 4.1 0.08) (end 10.1 0.08) (layer B.SilkS) (width 0.12))
    (fp_line (start 4.1 -0.04) (end 10.1 -0.04) (layer B.SilkS) (width 0.12))
    (fp_line (start 4.1 -0.16) (end 10.1 -0.16) (layer B.SilkS) (width 0.12))
    (fp_line (start 4.1 -0.28) (end 10.1 -0.28) (layer B.SilkS) (width 0.12))
    (fp_line (start 1.11 0.38) (end 1.44 0.38) (layer B.SilkS) (width 0.12))
    (fp_line (start 1.11 -0.38) (end 1.44 -0.38) (layer B.SilkS) (width 0.12))
    (fp_line (start 1.44 -1.27) (end 4.1 -1.27) (layer B.SilkS) (width 0.12))
    (fp_line (start 4.1 -2.16) (end 10.1 -2.16) (layer B.SilkS) (width 0.12))
    (fp_line (start 10.1 -2.16) (end 10.1 -2.92) (layer B.SilkS) (width 0.12))
    (fp_line (start 10.1 -2.92) (end 4.1 -2.92) (layer B.SilkS) (width 0.12))
    (fp_line (start 1.042929 -2.16) (end 1.44 -2.16) (layer B.SilkS) (width 0.12))
    (fp_line (start 1.042929 -2.92) (end 1.44 -2.92) (layer B.SilkS) (width 0.12))
    (fp_line (start 1.44 -3.81) (end 4.1 -3.81) (layer B.SilkS) (width 0.12))
    (fp_line (start 4.1 -4.7) (end 10.1 -4.7) (layer B.SilkS) (width 0.12))
    (fp_line (start 10.1 -4.7) (end 10.1 -5.46) (layer B.SilkS) (width 0.12))
    (fp_line (start 10.1 -5.46) (end 4.1 -5.46) (layer B.SilkS) (width 0.12))
    (fp_line (start 1.042929 -4.7) (end 1.44 -4.7) (layer B.SilkS) (width 0.12))
    (fp_line (start 1.042929 -5.46) (end 1.44 -5.46) (layer B.SilkS) (width 0.12))
    (fp_line (start 1.44 -6.35) (end 4.1 -6.35) (layer B.SilkS) (width 0.12))
    (fp_line (start 4.1 -7.24) (end 10.1 -7.24) (layer B.SilkS) (width 0.12))
    (fp_line (start 10.1 -7.24) (end 10.1 -8) (layer B.SilkS) (width 0.12))
    (fp_line (start 10.1 -8) (end 4.1 -8) (layer B.SilkS) (width 0.12))
    (fp_line (start 1.042929 -7.24) (end 1.44 -7.24) (layer B.SilkS) (width 0.12))
    (fp_line (start 1.042929 -8) (end 1.44 -8) (layer B.SilkS) (width 0.12))
    (fp_line (start 1.44 -8.89) (end 4.1 -8.89) (layer B.SilkS) (width 0.12))
    (fp_line (start 4.1 -9.78) (end 10.1 -9.78) (layer B.SilkS) (width 0.12))
    (fp_line (start 10.1 -9.78) (end 10.1 -10.54) (layer B.SilkS) (width 0.12))
    (fp_line (start 10.1 -10.54) (end 4.1 -10.54) (layer B.SilkS) (width 0.12))
    (fp_line (start 1.042929 -9.78) (end 1.44 -9.78) (layer B.SilkS) (width 0.12))
    (fp_line (start 1.042929 -10.54) (end 1.44 -10.54) (layer B.SilkS) (width 0.12))
    (fp_line (start 1.44 -11.43) (end 4.1 -11.43) (layer B.SilkS) (width 0.12))
    (fp_line (start 4.1 -12.32) (end 10.1 -12.32) (layer B.SilkS) (width 0.12))
    (fp_line (start 10.1 -12.32) (end 10.1 -13.08) (layer B.SilkS) (width 0.12))
    (fp_line (start 10.1 -13.08) (end 4.1 -13.08) (layer B.SilkS) (width 0.12))
    (fp_line (start 1.042929 -12.32) (end 1.44 -12.32) (layer B.SilkS) (width 0.12))
    (fp_line (start 1.042929 -13.08) (end 1.44 -13.08) (layer B.SilkS) (width 0.12))
    (fp_line (start 1.44 -13.97) (end 4.1 -13.97) (layer B.SilkS) (width 0.12))
    (fp_line (start 4.1 -14.86) (end 10.1 -14.86) (layer B.SilkS) (width 0.12))
    (fp_line (start 10.1 -14.86) (end 10.1 -15.62) (layer B.SilkS) (width 0.12))
    (fp_line (start 10.1 -15.62) (end 4.1 -15.62) (layer B.SilkS) (width 0.12))
    (fp_line (start 1.042929 -14.86) (end 1.44 -14.86) (layer B.SilkS) (width 0.12))
    (fp_line (start 1.042929 -15.62) (end 1.44 -15.62) (layer B.SilkS) (width 0.12))
    (fp_line (start 1.44 -16.51) (end 4.1 -16.51) (layer B.SilkS) (width 0.12))
    (fp_line (start 4.1 -17.4) (end 10.1 -17.4) (layer B.SilkS) (width 0.12))
    (fp_line (start 10.1 -17.4) (end 10.1 -18.16) (layer B.SilkS) (width 0.12))
    (fp_line (start 10.1 -18.16) (end 4.1 -18.16) (layer B.SilkS) (width 0.12))
    (fp_line (start 1.042929 -17.4) (end 1.44 -17.4) (layer B.SilkS) (width 0.12))
    (fp_line (start 1.042929 -18.16) (end 1.44 -18.16) (layer B.SilkS) (width 0.12))
    (fp_line (start 1.44 -19.05) (end 4.1 -19.05) (layer B.SilkS) (width 0.12))
    (fp_line (start 4.1 -19.94) (end 10.1 -19.94) (layer B.SilkS) (width 0.12))
    (fp_line (start 10.1 -19.94) (end 10.1 -20.7) (layer B.SilkS) (width 0.12))
    (fp_line (start 10.1 -20.7) (end 4.1 -20.7) (layer B.SilkS) (width 0.12))
    (fp_line (start 1.042929 -19.94) (end 1.44 -19.94) (layer B.SilkS) (width 0.12))
    (fp_line (start 1.042929 -20.7) (end 1.44 -20.7) (layer B.SilkS) (width 0.12))
    (fp_line (start -1.27 0) (end -1.27 1.27) (layer B.SilkS) (width 0.12))
    (fp_line (start -1.27 1.27) (end 0 1.27) (layer B.SilkS) (width 0.12))
    (fp_line (start -1.8 1.8) (end -1.8 -22.1) (layer B.CrtYd) (width 0.05))
    (fp_line (start -1.8 -22.1) (end 10.55 -22.1) (layer B.CrtYd) (width 0.05))
    (fp_line (start 10.55 -22.1) (end 10.55 1.8) (layer B.CrtYd) (width 0.05))
    (fp_line (start 10.55 1.8) (end -1.8 1.8) (layer B.CrtYd) (width 0.05))
    (fp_text user %R (at 6.35 -23.495) (layer B.Fab)
      (effects (font (size 1 1) (thickness 0.15)) (justify mirror))
    )
    (pad 9 thru_hole oval (at 0 -20.32 270) (size 1.7 1.7) (drill 1) (layers *.Cu *.Mask)
      (net 1 "Net-(D1-Pad1)"))
    (pad 8 thru_hole oval (at 0 -17.78 270) (size 1.7 1.7) (drill 1) (layers *.Cu *.Mask)
      (net 9 "Net-(J1-Pad8)"))
    (pad 7 thru_hole oval (at 0 -15.24 270) (size 1.7 1.7) (drill 1) (layers *.Cu *.Mask)
      (net 2 "Net-(D1-Pad2)"))
    (pad 6 thru_hole oval (at 0 -12.7 270) (size 1.7 1.7) (drill 1) (layers *.Cu *.Mask)
      (net 3 "Net-(D2-Pad2)"))
    (pad 5 thru_hole oval (at 0 -10.16 270) (size 1.7 1.7) (drill 1) (layers *.Cu *.Mask)
      (net 4 "Net-(D3-Pad2)"))
    (pad 4 thru_hole oval (at 0 -7.62 270) (size 1.7 1.7) (drill 1) (layers *.Cu *.Mask)
      (net 5 "Net-(D4-Pad2)"))
    (pad 3 thru_hole oval (at 0 -5.08 270) (size 1.7 1.7) (drill 1) (layers *.Cu *.Mask)
      (net 6 "Net-(D5-Pad2)"))
    (pad 2 thru_hole oval (at 0 -2.54 270) (size 1.7 1.7) (drill 1) (layers *.Cu *.Mask)
      (net 7 "Net-(D6-Pad2)"))
    (pad 1 thru_hole rect (at 0 0 270) (size 1.7 1.7) (drill 1) (layers *.Cu *.Mask)
      (net 8 "Net-(D7-Pad2)"))
    (model ${KIPRJMOD}/kicad/libs/packages3d/Molex/22-05-3091.step
      (at (xyz 0 0 0))
      (scale (xyz 1 1 1))
      (rotate (xyz 0 0 0))
    )
  )

  (module LED_THT:LED_D5.0mm_Clear (layer B.Cu) (tedit 5A6C9BC0) (tstamp 614186CB)
    (at 73.02 88.84 270)
    (descr "LED, diameter 5.0mm, 2 pins, http://cdn-reichelt.de/documents/datenblatt/A500/LL-504BC2E-009.pdf")
    (tags "LED diameter 5.0mm 2 pins")
    (path /61351990)
    (fp_text reference D7 (at 3.91 -4.45) (layer B.SilkS)
      (effects (font (size 1 1) (thickness 0.15)) (justify mirror))
    )
    (fp_text value SFH460 (at -2.54 0) (layer B.Fab)
      (effects (font (size 1 1) (thickness 0.15)) (justify mirror))
    )
    (fp_line (start -1.23 1.469694) (end -1.23 -1.469694) (layer B.Fab) (width 0.1))
    (fp_line (start -1.29 1.545) (end -1.29 -1.545) (layer B.SilkS) (width 0.12))
    (fp_line (start -1.95 3.25) (end -1.95 -3.25) (layer B.CrtYd) (width 0.05))
    (fp_line (start -1.95 -3.25) (end 4.5 -3.25) (layer B.CrtYd) (width 0.05))
    (fp_line (start 4.5 -3.25) (end 4.5 3.25) (layer B.CrtYd) (width 0.05))
    (fp_line (start 4.5 3.25) (end -1.95 3.25) (layer B.CrtYd) (width 0.05))
    (fp_circle (center 1.27 0) (end 3.77 0) (layer B.Fab) (width 0.1))
    (fp_circle (center 1.27 0) (end 3.77 0) (layer B.SilkS) (width 0.12))
    (fp_text user %R (at 1.25 0 270) (layer B.Fab)
      (effects (font (size 0.8 0.8) (thickness 0.2)) (justify mirror))
    )
    (fp_arc (start 1.27 0) (end -1.23 1.469694) (angle -299.1) (layer B.Fab) (width 0.1))
    (fp_arc (start 1.27 0) (end -1.29 1.54483) (angle -148.9) (layer B.SilkS) (width 0.12))
    (fp_arc (start 1.27 0) (end -1.29 -1.54483) (angle 148.9) (layer B.SilkS) (width 0.12))
    (pad 1 thru_hole rect (at 0 0 270) (size 1.8 1.8) (drill 0.9) (layers *.Cu *.Mask)
      (net 1 "Net-(D1-Pad1)"))
    (pad 2 thru_hole circle (at 2.54 0 270) (size 1.8 1.8) (drill 0.9) (layers *.Cu *.Mask)
      (net 8 "Net-(D7-Pad2)"))
    (model ${KISYS3DMOD}/LED_THT.3dshapes/LED_D5.0mm_Clear.wrl
      (at (xyz 0 0 0))
      (scale (xyz 1 1 1))
      (rotate (xyz 0 0 0))
    )
  )

  (module LED_THT:LED_D5.0mm_Clear (layer B.Cu) (tedit 5A6C9BC0) (tstamp 614186B9)
    (at 100.091 91.888 270)
    (descr "LED, diameter 5.0mm, 2 pins, http://cdn-reichelt.de/documents/datenblatt/A500/LL-504BC2E-009.pdf")
    (tags "LED diameter 5.0mm 2 pins")
    (path /613517B0)
    (fp_text reference D6 (at 4.037 -4.684) (layer B.SilkS)
      (effects (font (size 1 1) (thickness 0.15)) (justify mirror))
    )
    (fp_text value SFH460 (at -2.54 0) (layer B.Fab)
      (effects (font (size 1 1) (thickness 0.15)) (justify mirror))
    )
    (fp_circle (center 1.27 0) (end 3.77 0) (layer B.SilkS) (width 0.12))
    (fp_circle (center 1.27 0) (end 3.77 0) (layer B.Fab) (width 0.1))
    (fp_line (start 4.5 3.25) (end -1.95 3.25) (layer B.CrtYd) (width 0.05))
    (fp_line (start 4.5 -3.25) (end 4.5 3.25) (layer B.CrtYd) (width 0.05))
    (fp_line (start -1.95 -3.25) (end 4.5 -3.25) (layer B.CrtYd) (width 0.05))
    (fp_line (start -1.95 3.25) (end -1.95 -3.25) (layer B.CrtYd) (width 0.05))
    (fp_line (start -1.29 1.545) (end -1.29 -1.545) (layer B.SilkS) (width 0.12))
    (fp_line (start -1.23 1.469694) (end -1.23 -1.469694) (layer B.Fab) (width 0.1))
    (fp_arc (start 1.27 0) (end -1.29 -1.54483) (angle 148.9) (layer B.SilkS) (width 0.12))
    (fp_arc (start 1.27 0) (end -1.29 1.54483) (angle -148.9) (layer B.SilkS) (width 0.12))
    (fp_arc (start 1.27 0) (end -1.23 1.469694) (angle -299.1) (layer B.Fab) (width 0.1))
    (fp_text user %R (at 1.25 0 270) (layer B.Fab)
      (effects (font (size 0.8 0.8) (thickness 0.2)) (justify mirror))
    )
    (pad 2 thru_hole circle (at 2.54 0 270) (size 1.8 1.8) (drill 0.9) (layers *.Cu *.Mask)
      (net 7 "Net-(D6-Pad2)"))
    (pad 1 thru_hole rect (at 0 0 270) (size 1.8 1.8) (drill 0.9) (layers *.Cu *.Mask)
      (net 1 "Net-(D1-Pad1)"))
    (model ${KISYS3DMOD}/LED_THT.3dshapes/LED_D5.0mm_Clear.wrl
      (at (xyz 0 0 0))
      (scale (xyz 1 1 1))
      (rotate (xyz 0 0 0))
    )
  )

  (module LED_THT:LED_D5.0mm_Clear (layer B.Cu) (tedit 5A6C9BC0) (tstamp 614186A7)
    (at 127.162 94.936 270)
    (descr "LED, diameter 5.0mm, 2 pins, http://cdn-reichelt.de/documents/datenblatt/A500/LL-504BC2E-009.pdf")
    (tags "LED diameter 5.0mm 2 pins")
    (path /61351738)
    (fp_text reference D5 (at 4.164 -4.283) (layer B.SilkS)
      (effects (font (size 1 1) (thickness 0.15)) (justify mirror))
    )
    (fp_text value SFH460 (at -2.54 0 180) (layer B.Fab)
      (effects (font (size 1 1) (thickness 0.15)) (justify mirror))
    )
    (fp_line (start -1.23 1.469694) (end -1.23 -1.469694) (layer B.Fab) (width 0.1))
    (fp_line (start -1.29 1.545) (end -1.29 -1.545) (layer B.SilkS) (width 0.12))
    (fp_line (start -1.95 3.25) (end -1.95 -3.25) (layer B.CrtYd) (width 0.05))
    (fp_line (start -1.95 -3.25) (end 4.5 -3.25) (layer B.CrtYd) (width 0.05))
    (fp_line (start 4.5 -3.25) (end 4.5 3.25) (layer B.CrtYd) (width 0.05))
    (fp_line (start 4.5 3.25) (end -1.95 3.25) (layer B.CrtYd) (width 0.05))
    (fp_circle (center 1.27 0) (end 3.77 0) (layer B.Fab) (width 0.1))
    (fp_circle (center 1.27 0) (end 3.77 0) (layer B.SilkS) (width 0.12))
    (fp_text user %R (at 1.25 0 270) (layer B.Fab)
      (effects (font (size 0.8 0.8) (thickness 0.2)) (justify mirror))
    )
    (fp_arc (start 1.27 0) (end -1.23 1.469694) (angle -299.1) (layer B.Fab) (width 0.1))
    (fp_arc (start 1.27 0) (end -1.29 1.54483) (angle -148.9) (layer B.SilkS) (width 0.12))
    (fp_arc (start 1.27 0) (end -1.29 -1.54483) (angle 148.9) (layer B.SilkS) (width 0.12))
    (pad 1 thru_hole rect (at 0 0 270) (size 1.8 1.8) (drill 0.9) (layers *.Cu *.Mask)
      (net 1 "Net-(D1-Pad1)"))
    (pad 2 thru_hole circle (at 2.54 0 270) (size 1.8 1.8) (drill 0.9) (layers *.Cu *.Mask)
      (net 6 "Net-(D5-Pad2)"))
    (model ${KISYS3DMOD}/LED_THT.3dshapes/LED_D5.0mm_Clear.wrl
      (at (xyz 0 0 0))
      (scale (xyz 1 1 1))
      (rotate (xyz 0 0 0))
    )
  )

  (module LED_THT:LED_D5.0mm_Clear (layer B.Cu) (tedit 5A6C9BC0) (tstamp 61418695)
    (at 154.233 97.984 270)
    (descr "LED, diameter 5.0mm, 2 pins, http://cdn-reichelt.de/documents/datenblatt/A500/LL-504BC2E-009.pdf")
    (tags "LED diameter 5.0mm 2 pins")
    (path /613516B1)
    (fp_text reference D4 (at 3.656 -4.517) (layer B.SilkS)
      (effects (font (size 1 1) (thickness 0.15)) (justify mirror))
    )
    (fp_text value SFH460 (at -2.54 0) (layer B.Fab)
      (effects (font (size 1 1) (thickness 0.15)) (justify mirror))
    )
    (fp_circle (center 1.27 0) (end 3.77 0) (layer B.SilkS) (width 0.12))
    (fp_circle (center 1.27 0) (end 3.77 0) (layer B.Fab) (width 0.1))
    (fp_line (start 4.5 3.25) (end -1.95 3.25) (layer B.CrtYd) (width 0.05))
    (fp_line (start 4.5 -3.25) (end 4.5 3.25) (layer B.CrtYd) (width 0.05))
    (fp_line (start -1.95 -3.25) (end 4.5 -3.25) (layer B.CrtYd) (width 0.05))
    (fp_line (start -1.95 3.25) (end -1.95 -3.25) (layer B.CrtYd) (width 0.05))
    (fp_line (start -1.29 1.545) (end -1.29 -1.545) (layer B.SilkS) (width 0.12))
    (fp_line (start -1.23 1.469694) (end -1.23 -1.469694) (layer B.Fab) (width 0.1))
    (fp_arc (start 1.27 0) (end -1.29 -1.54483) (angle 148.9) (layer B.SilkS) (width 0.12))
    (fp_arc (start 1.27 0) (end -1.29 1.54483) (angle -148.9) (layer B.SilkS) (width 0.12))
    (fp_arc (start 1.27 0) (end -1.23 1.469694) (angle -299.1) (layer B.Fab) (width 0.1))
    (fp_text user %R (at 1.25 0 270) (layer B.Fab)
      (effects (font (size 0.8 0.8) (thickness 0.2)) (justify mirror))
    )
    (pad 2 thru_hole circle (at 2.54 0 270) (size 1.8 1.8) (drill 0.9) (layers *.Cu *.Mask)
      (net 5 "Net-(D4-Pad2)"))
    (pad 1 thru_hole rect (at 0 0 270) (size 1.8 1.8) (drill 0.9) (layers *.Cu *.Mask)
      (net 1 "Net-(D1-Pad1)"))
    (model ${KISYS3DMOD}/LED_THT.3dshapes/LED_D5.0mm_Clear.wrl
      (at (xyz 0 0 0))
      (scale (xyz 1 1 1))
      (rotate (xyz 0 0 0))
    )
  )

  (module LED_THT:LED_D5.0mm_Clear (layer B.Cu) (tedit 5A6C9BC0) (tstamp 61418683)
    (at 181.304 101.032 270)
    (descr "LED, diameter 5.0mm, 2 pins, http://cdn-reichelt.de/documents/datenblatt/A500/LL-504BC2E-009.pdf")
    (tags "LED diameter 5.0mm 2 pins")
    (path /613514F7)
    (fp_text reference D3 (at 3.783 -4.751) (layer B.SilkS)
      (effects (font (size 1 1) (thickness 0.15)) (justify mirror))
    )
    (fp_text value SFH460 (at -2.54 0) (layer B.Fab)
      (effects (font (size 1 1) (thickness 0.15)) (justify mirror))
    )
    (fp_line (start -1.23 1.469694) (end -1.23 -1.469694) (layer B.Fab) (width 0.1))
    (fp_line (start -1.29 1.545) (end -1.29 -1.545) (layer B.SilkS) (width 0.12))
    (fp_line (start -1.95 3.25) (end -1.95 -3.25) (layer B.CrtYd) (width 0.05))
    (fp_line (start -1.95 -3.25) (end 4.5 -3.25) (layer B.CrtYd) (width 0.05))
    (fp_line (start 4.5 -3.25) (end 4.5 3.25) (layer B.CrtYd) (width 0.05))
    (fp_line (start 4.5 3.25) (end -1.95 3.25) (layer B.CrtYd) (width 0.05))
    (fp_circle (center 1.27 0) (end 3.77 0) (layer B.Fab) (width 0.1))
    (fp_circle (center 1.27 0) (end 3.77 0) (layer B.SilkS) (width 0.12))
    (fp_text user %R (at 1.25 0 270) (layer B.Fab)
      (effects (font (size 0.8 0.8) (thickness 0.2)) (justify mirror))
    )
    (fp_arc (start 1.27 0) (end -1.23 1.469694) (angle -299.1) (layer B.Fab) (width 0.1))
    (fp_arc (start 1.27 0) (end -1.29 1.54483) (angle -148.9) (layer B.SilkS) (width 0.12))
    (fp_arc (start 1.27 0) (end -1.29 -1.54483) (angle 148.9) (layer B.SilkS) (width 0.12))
    (pad 1 thru_hole rect (at 0 0 270) (size 1.8 1.8) (drill 0.9) (layers *.Cu *.Mask)
      (net 1 "Net-(D1-Pad1)"))
    (pad 2 thru_hole circle (at 2.54 0 270) (size 1.8 1.8) (drill 0.9) (layers *.Cu *.Mask)
      (net 4 "Net-(D3-Pad2)"))
    (model ${KISYS3DMOD}/LED_THT.3dshapes/LED_D5.0mm_Clear.wrl
      (at (xyz 0 0 0))
      (scale (xyz 1 1 1))
      (rotate (xyz 0 0 0))
    )
  )

  (module LED_THT:LED_D5.0mm_Clear (layer B.Cu) (tedit 5A6C9BC0) (tstamp 61418671)
    (at 208.375 104.08 270)
    (descr "LED, diameter 5.0mm, 2 pins, http://cdn-reichelt.de/documents/datenblatt/A500/LL-504BC2E-009.pdf")
    (tags "LED diameter 5.0mm 2 pins")
    (path /6135145B)
    (fp_text reference D2 (at 3.91 -4.35) (layer B.SilkS)
      (effects (font (size 1 1) (thickness 0.15)) (justify mirror))
    )
    (fp_text value SFH460 (at -2.54 0) (layer B.Fab)
      (effects (font (size 1 1) (thickness 0.15)) (justify mirror))
    )
    (fp_circle (center 1.27 0) (end 3.77 0) (layer B.SilkS) (width 0.12))
    (fp_circle (center 1.27 0) (end 3.77 0) (layer B.Fab) (width 0.1))
    (fp_line (start 4.5 3.25) (end -1.95 3.25) (layer B.CrtYd) (width 0.05))
    (fp_line (start 4.5 -3.25) (end 4.5 3.25) (layer B.CrtYd) (width 0.05))
    (fp_line (start -1.95 -3.25) (end 4.5 -3.25) (layer B.CrtYd) (width 0.05))
    (fp_line (start -1.95 3.25) (end -1.95 -3.25) (layer B.CrtYd) (width 0.05))
    (fp_line (start -1.29 1.545) (end -1.29 -1.545) (layer B.SilkS) (width 0.12))
    (fp_line (start -1.23 1.469694) (end -1.23 -1.469694) (layer B.Fab) (width 0.1))
    (fp_arc (start 1.27 0) (end -1.29 -1.54483) (angle 148.9) (layer B.SilkS) (width 0.12))
    (fp_arc (start 1.27 0) (end -1.29 1.54483) (angle -148.9) (layer B.SilkS) (width 0.12))
    (fp_arc (start 1.27 0) (end -1.23 1.469694) (angle -299.1) (layer B.Fab) (width 0.1))
    (fp_text user %R (at 1.25 0 270) (layer B.Fab)
      (effects (font (size 0.8 0.8) (thickness 0.2)) (justify mirror))
    )
    (pad 2 thru_hole circle (at 2.54 0 270) (size 1.8 1.8) (drill 0.9) (layers *.Cu *.Mask)
      (net 3 "Net-(D2-Pad2)"))
    (pad 1 thru_hole rect (at 0 0 270) (size 1.8 1.8) (drill 0.9) (layers *.Cu *.Mask)
      (net 1 "Net-(D1-Pad1)"))
    (model ${KISYS3DMOD}/LED_THT.3dshapes/LED_D5.0mm_Clear.wrl
      (at (xyz 0 0 0))
      (scale (xyz 1 1 1))
      (rotate (xyz 0 0 0))
    )
  )

  (module LED_THT:LED_D5.0mm_Clear (layer B.Cu) (tedit 5A6C9BC0) (tstamp 6141865F)
    (at 219.456 84.661 270)
    (descr "LED, diameter 5.0mm, 2 pins, http://cdn-reichelt.de/documents/datenblatt/A500/LL-504BC2E-009.pdf")
    (tags "LED diameter 5.0mm 2 pins")
    (path /613501A2)
    (fp_text reference D1 (at 3.985 -4.445) (layer B.SilkS)
      (effects (font (size 1 1) (thickness 0.15)) (justify mirror))
    )
    (fp_text value SFH460 (at -2.54 0) (layer B.Fab)
      (effects (font (size 1 1) (thickness 0.15)) (justify mirror))
    )
    (fp_circle (center 1.27 0) (end 3.77 0) (layer B.SilkS) (width 0.12))
    (fp_circle (center 1.27 0) (end 3.77 0) (layer B.Fab) (width 0.1))
    (fp_line (start 4.5 3.25) (end -1.95 3.25) (layer B.CrtYd) (width 0.05))
    (fp_line (start 4.5 -3.25) (end 4.5 3.25) (layer B.CrtYd) (width 0.05))
    (fp_line (start -1.95 -3.25) (end 4.5 -3.25) (layer B.CrtYd) (width 0.05))
    (fp_line (start -1.95 3.25) (end -1.95 -3.25) (layer B.CrtYd) (width 0.05))
    (fp_line (start -1.29 1.545) (end -1.29 -1.545) (layer B.SilkS) (width 0.12))
    (fp_line (start -1.23 1.469694) (end -1.23 -1.469694) (layer B.Fab) (width 0.1))
    (fp_arc (start 1.27 0) (end -1.29 -1.54483) (angle 148.9) (layer B.SilkS) (width 0.12))
    (fp_arc (start 1.27 0) (end -1.29 1.54483) (angle -148.9) (layer B.SilkS) (width 0.12))
    (fp_arc (start 1.27 0) (end -1.23 1.469694) (angle -299.1) (layer B.Fab) (width 0.1))
    (fp_text user %R (at 1.25 0 270) (layer B.Fab)
      (effects (font (size 0.8 0.8) (thickness 0.2)) (justify mirror))
    )
    (pad 2 thru_hole circle (at 2.54 0 270) (size 1.8 1.8) (drill 0.9) (layers *.Cu *.Mask)
      (net 2 "Net-(D1-Pad2)"))
    (pad 1 thru_hole rect (at 0 0 270) (size 1.8 1.8) (drill 0.9) (layers *.Cu *.Mask)
      (net 1 "Net-(D1-Pad1)"))
    (model ${KISYS3DMOD}/LED_THT.3dshapes/LED_D5.0mm_Clear.wrl
      (at (xyz 0 0 0))
      (scale (xyz 1 1 1))
      (rotate (xyz 0 0 0))
    )
  )

  (gr_text "4/6 Ball Opto Transmitter" (at 153.67 114.935) (layer F.SilkS) (tstamp 6324B75C)
    (effects (font (size 1.5 1.5) (thickness 0.3)))
  )
  (gr_text "4/6 Ball Opto Transmitter" (at 153.67 114.935) (layer B.SilkS) (tstamp 6324B717)
    (effects (font (size 1.5 1.5) (thickness 0.3)) (justify mirror))
  )
  (gr_text COM (at 116.967 106.68 270) (layer F.SilkS) (tstamp 6324E47C)
    (effects (font (size 1.5 1.5) (thickness 0.3)) (justify right))
  )
  (gr_text KEY (at 114.427 106.68 270) (layer F.SilkS) (tstamp 6324E452)
    (effects (font (size 1.5 1.5) (thickness 0.3)) (justify right))
  )
  (gr_text JAM (at 111.887 106.68 270) (layer F.SilkS) (tstamp 6324E44B)
    (effects (font (size 1.5 1.5) (thickness 0.3)) (justify right))
  )
  (gr_text BALL1 (at 109.347 106.68 270) (layer F.SilkS) (tstamp 6324E444)
    (effects (font (size 1.5 1.5) (thickness 0.3)) (justify right))
  )
  (gr_text BALL2 (at 106.807 106.68 270) (layer F.SilkS) (tstamp 6324E43D)
    (effects (font (size 1.5 1.5) (thickness 0.3)) (justify right))
  )
  (gr_text BALL3 (at 104.267 106.68 270) (layer F.SilkS) (tstamp 6324E436)
    (effects (font (size 1.5 1.5) (thickness 0.3)) (justify right))
  )
  (gr_text BALL4 (at 101.727 106.68 270) (layer F.SilkS) (tstamp 6324E42F)
    (effects (font (size 1.5 1.5) (thickness 0.3)) (justify right))
  )
  (gr_text BALL5 (at 99.187 106.68 270) (layer F.SilkS) (tstamp 6324E428)
    (effects (font (size 1.5 1.5) (thickness 0.3)) (justify right))
  )
  (gr_text BALL6 (at 96.647 106.68 270) (layer F.SilkS) (tstamp 6324E421)
    (effects (font (size 1.5 1.5) (thickness 0.3)) (justify right))
  )
  (gr_text BALL6 (at 76.157857 84.495) (layer F.SilkS) (tstamp 6324E41B)
    (effects (font (size 1.5 1.5) (thickness 0.3)) (justify right))
  )
  (gr_text BALL5 (at 110.701857 90.972) (layer F.SilkS) (tstamp 6324E415)
    (effects (font (size 1.5 1.5) (thickness 0.3)) (justify right))
  )
  (gr_text BALL4 (at 130.132857 90.845) (layer F.SilkS) (tstamp 6324E40F)
    (effects (font (size 1.5 1.5) (thickness 0.3)) (justify right))
  )
  (gr_text BALL3 (at 157.437857 94.02) (layer F.SilkS) (tstamp 6324E409)
    (effects (font (size 1.5 1.5) (thickness 0.3)) (justify right))
  )
  (gr_text BALL2 (at 184.107857 97.195) (layer F.SilkS) (tstamp 6324E403)
    (effects (font (size 1.5 1.5) (thickness 0.3)) (justify right))
  )
  (gr_text BALL1 (at 211.412857 100.37) (layer F.SilkS) (tstamp 6324E3FD)
    (effects (font (size 1.5 1.5) (thickness 0.3)) (justify right))
  )
  (gr_text JAM (at 215.519 83.312) (layer F.SilkS) (tstamp 6324E3F6)
    (effects (font (size 1.5 1.5) (thickness 0.3)) (justify right))
  )
  (gr_line (start 69.217219 113.976476) (end 69.343654 114.595482) (layer B.SilkS) (width 0.1) (tstamp 6324DEC8))
  (gr_line (start 69.251477 113.976556) (end 69.217219 113.976476) (layer B.SilkS) (width 0.1) (tstamp 6324DEC7))
  (gr_line (start 68.9407 113.69201) (end 69.169819 113.692076) (layer B.SilkS) (width 0.1) (tstamp 6324DEC6))
  (gr_line (start 68.885384 113.74469) (end 68.9407 113.69201) (layer B.SilkS) (width 0.1) (tstamp 6324DEC5))
  (gr_line (start 69.035419 114.595476) (end 68.951131 114.208267) (layer B.SilkS) (width 0.1) (tstamp 6324DEC4))
  (gr_line (start 70.540699 107.334745) (end 70.193566 107.477267) (layer B.SilkS) (width 0.1) (tstamp 6324DEC3))
  (gr_line (start 74.983872 113.858023) (end 74.854803 113.97392) (layer B.SilkS) (width 0.1) (tstamp 6324DEC2))
  (gr_line (start 76.686924 114.901049) (end 76.22201 114.700201) (layer B.SilkS) (width 0.1) (tstamp 6324DEC1))
  (gr_line (start 73.322866 114.714029) (end 73.438766 114.595496) (layer B.SilkS) (width 0.1) (tstamp 6324DEC0))
  (gr_line (start 66.819592 112.55302) (end 66.314593 111.847641) (layer B.SilkS) (width 0.1) (tstamp 6324DEBF))
  (gr_line (start 68.703434 109.825354) (end 68.207958 109.884797) (layer B.SilkS) (width 0.1) (tstamp 6324DEBE))
  (gr_line (start 68.726001 113.166853) (end 67.631508 113.006516) (layer B.SilkS) (width 0.1) (tstamp 6324DEBD))
  (gr_line (start 72.216016 114.569169) (end 72.29405 114.374249) (layer B.SilkS) (width 0.1) (tstamp 6324DEBC))
  (gr_line (start 73.243855 114.785149) (end 73.249132 114.822027) (layer B.SilkS) (width 0.1) (tstamp 6324DEBB))
  (gr_line (start 76.618419 113.939676) (end 76.618419 113.939676) (layer B.SilkS) (width 0.1) (tstamp 6324DEBA))
  (gr_line (start 77.063595 114.790418) (end 77.04779 114.743005) (layer B.SilkS) (width 0.1) (tstamp 6324DEB9))
  (gr_line (start 74.250104 114.595482) (end 74.431855 114.764062) (layer B.SilkS) (width 0.1) (tstamp 6324DEB8))
  (gr_line (start 73.957699 114.595496) (end 73.85497 114.14507) (layer B.SilkS) (width 0.1) (tstamp 6324DEB7))
  (gr_line (start 70.81674 112.481055) (end 70.369947 112.83101) (layer B.SilkS) (width 0.1) (tstamp 6324DEB6))
  (gr_line (start 69.662803 113.075131) (end 68.726001 113.166853) (layer B.SilkS) (width 0.1) (tstamp 6324DEB5))
  (gr_line (start 66.801872 114.811832) (end 66.607938 114.603412) (layer B.SilkS) (width 0.1) (tstamp 6324DEB4))
  (gr_line (start 67.266458 114.911598) (end 66.801872 114.811832) (layer B.SilkS) (width 0.1) (tstamp 6324DEB3))
  (gr_line (start 68.579256 106.969267) (end 67.969657 107.193634) (layer B.SilkS) (width 0.1) (tstamp 6324DEB2))
  (gr_line (start 70.369947 112.83101) (end 69.662803 113.075131) (layer B.SilkS) (width 0.1) (tstamp 6324DEB1))
  (gr_line (start 75.702992 114.587659) (end 75.613763 114.827689) (layer B.SilkS) (width 0.1) (tstamp 6324DEB0))
  (gr_line (start 71.299219 112.097258) (end 71.159519 111.665458) (layer B.SilkS) (width 0.1) (tstamp 6324DEAF))
  (gr_line (start 70.032575 114.197792) (end 70.138597 114.523099) (layer B.SilkS) (width 0.1) (tstamp 6324DEAE))
  (gr_line (start 71.295738 114.087136) (end 71.243056 113.80002) (layer B.SilkS) (width 0.1) (tstamp 6324DEAD))
  (gr_line (start 70.340314 111.462233) (end 70.804569 111.6358) (layer B.SilkS) (width 0.1) (tstamp 6324DEAC))
  (gr_line (start 66.445651 109.821111) (end 66.836177 109.450518) (layer B.SilkS) (width 0.1) (tstamp 6324DEAB))
  (gr_line (start 75.226115 113.760517) (end 75.223575 113.744713) (layer B.SilkS) (width 0.1) (tstamp 6324DEAA))
  (gr_line (start 68.951131 114.208267) (end 68.648211 113.931689) (layer B.SilkS) (width 0.1) (tstamp 6324DEA9))
  (gr_line (start 70.042576 106.190332) (end 70.503834 106.554752) (layer B.SilkS) (width 0.1) (tstamp 6324DEA8))
  (gr_line (start 69.899555 114.698594) (end 69.684878 114.187253) (layer B.SilkS) (width 0.1) (tstamp 6324DEA7))
  (gr_line (start 70.106 113.999248) (end 70.032575 114.197792) (layer B.SilkS) (width 0.1) (tstamp 6324DEA6))
  (gr_line (start 67.574544 110.886504) (end 67.643688 111.339823) (layer B.SilkS) (width 0.1) (tstamp 6324DEA5))
  (gr_line (start 67.649385 113.874104) (end 67.861757 114.397954) (layer B.SilkS) (width 0.1) (tstamp 6324DEA4))
  (gr_line (start 67.111046 113.660415) (end 67.649385 113.874104) (layer B.SilkS) (width 0.1) (tstamp 6324DEA3))
  (gr_line (start 67.855356 110.046898) (end 67.644571 110.363514) (layer B.SilkS) (width 0.1) (tstamp 6324DEA2))
  (gr_line (start 67.644571 110.363514) (end 67.574544 110.886504) (layer B.SilkS) (width 0.1) (tstamp 6324DEA1))
  (gr_line (start 68.646984 111.958944) (end 69.64605 111.710589) (layer B.SilkS) (width 0.1) (tstamp 6324DEA0))
  (gr_line (start 68.207958 109.884797) (end 67.855356 110.046898) (layer B.SilkS) (width 0.1) (tstamp 6324DE9F))
  (gr_line (start 66.215993 110.312353) (end 66.445651 109.821111) (layer B.SilkS) (width 0.1) (tstamp 6324DE9E))
  (gr_line (start 68.020457 108.5229) (end 68.714723 108.730333) (layer B.SilkS) (width 0.1) (tstamp 6324DE9D))
  (gr_line (start 69.157812 109.706821) (end 68.703434 109.825354) (layer B.SilkS) (width 0.1) (tstamp 6324DE9C))
  (gr_line (start 73.438766 114.595496) (end 73.33867 114.14507) (layer B.SilkS) (width 0.1) (tstamp 6324DE9B))
  (gr_line (start 66.140851 110.931653) (end 66.215993 110.312353) (layer B.SilkS) (width 0.1) (tstamp 6324DE9A))
  (gr_line (start 67.766457 107.8498) (end 67.832074 108.271546) (layer B.SilkS) (width 0.1) (tstamp 6324DE99))
  (gr_line (start 76.473215 114.515221) (end 76.713245 114.635071) (layer B.SilkS) (width 0.1) (tstamp 6324DE98))
  (gr_line (start 76.859766 114.060185) (end 76.618419 113.939676) (layer B.SilkS) (width 0.1) (tstamp 6324DE97))
  (gr_line (start 66.836177 109.450518) (end 67.393921 109.193163) (layer B.SilkS) (width 0.1) (tstamp 6324DE96))
  (gr_line (start 68.184142 111.886625) (end 68.646984 111.958944) (layer B.SilkS) (width 0.1) (tstamp 6324DE95))
  (gr_line (start 67.506219 114.163476) (end 67.369248 113.980408) (layer B.SilkS) (width 0.1) (tstamp 6324DE94))
  (gr_line (start 69.035568 114.595496) (end 69.035419 114.595476) (layer B.SilkS) (width 0.1) (tstamp 6324DE93))
  (gr_line (start 68.887924 113.760494) (end 68.885384 113.74469) (layer B.SilkS) (width 0.1) (tstamp 6324DE92))
  (gr_line (start 68.901104 113.836883) (end 68.887924 113.760494) (layer B.SilkS) (width 0.1) (tstamp 6324DE91))
  (gr_line (start 73.533603 113.660402) (end 73.818083 113.800006) (layer B.SilkS) (width 0.1) (tstamp 6324DE90))
  (gr_line (start 71.577585 114.089769) (end 71.44588 114.218838) (layer B.SilkS) (width 0.1) (tstamp 6324DE8F))
  (gr_line (start 66.310189 107.657886) (end 66.452535 106.921464) (layer B.SilkS) (width 0.1) (tstamp 6324DE8E))
  (gr_line (start 71.667519 106.743498) (end 72.06263 106.856387) (layer B.SilkS) (width 0.1) (tstamp 6324DE8D))
  (gr_line (start 76.454 108.910967) (end 76.835 109.163556) (layer B.SilkS) (width 0.1) (tstamp 6324DE8C))
  (gr_line (start 71.380029 114.603412) (end 71.495926 114.476977) (layer B.SilkS) (width 0.1) (tstamp 6324DE8B))
  (gr_line (start 71.351042 113.65778) (end 71.472208 113.765778) (layer B.SilkS) (width 0.1) (tstamp 6324DE8A))
  (gr_line (start 73.818083 113.800006) (end 73.807556 113.74996) (layer B.SilkS) (width 0.1) (tstamp 6324DE89))
  (gr_line (start 70.193566 107.477267) (end 69.492244 107.223267) (layer B.SilkS) (width 0.1) (tstamp 6324DE88))
  (gr_line (start 67.832074 108.271546) (end 68.020457 108.5229) (layer B.SilkS) (width 0.1) (tstamp 6324DE87))
  (gr_line (start 76.37345 114.205718) (end 76.473215 114.515221) (layer B.SilkS) (width 0.1) (tstamp 6324DE86))
  (gr_line (start 67.129546 113.915874) (end 66.934296 113.973824) (layer B.SilkS) (width 0.1) (tstamp 6324DE85))
  (gr_line (start 67.369248 113.980408) (end 67.129546 113.915874) (layer B.SilkS) (width 0.1) (tstamp 6324DE84))
  (gr_line (start 76.713245 114.635071) (end 76.894337 114.560988) (layer B.SilkS) (width 0.1) (tstamp 6324DE83))
  (gr_line (start 68.187271 113.984392) (end 68.2765 113.744361) (layer B.SilkS) (width 0.1) (tstamp 6324DE82))
  (gr_line (start 68.203075 114.137167) (end 68.187271 113.984392) (layer B.SilkS) (width 0.1) (tstamp 6324DE81))
  (gr_line (start 71.472208 113.765778) (end 71.472219 113.765776) (layer B.SilkS) (width 0.1) (tstamp 6324DE80))
  (gr_line (start 73.512519 114.879976) (end 73.322866 114.714029) (layer B.SilkS) (width 0.1) (tstamp 6324DE7F))
  (gr_line (start 70.596597 114.572158) (end 70.670021 114.361102) (layer B.SilkS) (width 0.1) (tstamp 6324DE7E))
  (gr_line (start 75.00487 114.827359) (end 74.949555 114.880041) (layer B.SilkS) (width 0.1) (tstamp 6324DE7D))
  (gr_line (start 72.412583 113.876737) (end 72.633845 114.411125) (layer B.SilkS) (width 0.1) (tstamp 6324DE7C))
