(kicad_pcb (version 20171130) (host pcbnew 5.1.9+dfsg1-1)

  (general
    (thickness 1.6)
    (drawings 4372)
    (tracks 64)
    (zones 0)
    (modules 8)
    (nets 10)
  )

  (page A4)
  (title_block
    (title "Pinball Trough Transmitter (A-18617)")
    (rev v1.26)
    (company Bumcone)
  )

  (layers
    (0 F.Cu signal)
    (31 B.Cu signal)
    (32 B.Adhes user)
    (33 F.Adhes user)
    (34 B.Paste user)
    (35 F.Paste user)
    (36 B.SilkS user)
    (37 F.SilkS user)
    (38 B.Mask user)
    (39 F.Mask user)
    (40 Dwgs.User user)
    (41 Cmts.User user)
    (42 Eco1.User user)
    (43 Eco2.User user)
    (44 Edge.Cuts user)
    (45 Margin user)
    (46 B.CrtYd user)
    (47 F.CrtYd user)
    (48 B.Fab user)
    (49 F.Fab user)
  )

  (setup
    (last_trace_width 0.25)
    (user_trace_width 0.5)
    (user_trace_width 0.75)
    (trace_clearance 0.2)
    (zone_clearance 0.508)
    (zone_45_only no)
    (trace_min 0.2)
    (via_size 0.8)
    (via_drill 0.4)
    (via_min_size 0.4)
    (via_min_drill 0.3)
    (uvia_size 0.3)
    (uvia_drill 0.1)
    (uvias_allowed no)
    (uvia_min_size 0.2)
    (uvia_min_drill 0.1)
    (edge_width 0.15)
    (segment_width 0.2)
    (pcb_text_width 0.3)
    (pcb_text_size 1.5 1.5)
    (mod_edge_width 0.15)
    (mod_text_size 1 1)
    (mod_text_width 0.15)
    (pad_size 1.524 1.524)
    (pad_drill 0.762)
    (pad_to_mask_clearance 0)
    (aux_axis_origin 0 0)
    (visible_elements FFFFEF7F)
    (pcbplotparams
      (layerselection 0x010fc_ffffffff)
      (usegerberextensions false)
      (usegerberattributes false)
      (usegerberadvancedattributes false)
      (creategerberjobfile false)
      (excludeedgelayer true)
      (linewidth 0.100000)
      (plotframeref false)
      (viasonmask false)
      (mode 1)
      (useauxorigin false)
      (hpglpennumber 1)
      (hpglpenspeed 20)
      (hpglpendiameter 15.000000)
      (psnegative false)
      (psa4output false)
      (plotreference true)
      (plotvalue true)
      (plotinvisibletext false)
      (padsonsilk false)
      (subtractmaskfromsilk false)
      (outputformat 1)
      (mirror false)
      (drillshape 0)
      (scaleselection 1)
      (outputdirectory "GERBER/"))
  )

  (net 0 "")
  (net 1 "Net-(D1-Pad1)")
  (net 2 "Net-(D1-Pad2)")
  (net 3 "Net-(D2-Pad2)")
  (net 4 "Net-(D3-Pad2)")
  (net 5 "Net-(D4-Pad2)")
  (net 6 "Net-(D5-Pad2)")
  (net 7 "Net-(D6-Pad2)")
  (net 8 "Net-(D7-Pad2)")
  (net 9 "Net-(J1-Pad8)")

  (net_class Default "This is the default net class."
    (clearance 0.2)
    (trace_width 0.25)
    (via_dia 0.8)
    (via_drill 0.4)
    (uvia_dia 0.3)
    (uvia_drill 0.1)
    (add_net "Net-(D1-Pad1)")
    (add_net "Net-(D1-Pad2)")
    (add_net "Net-(D2-Pad2)")
    (add_net "Net-(D3-Pad2)")
    (add_net "Net-(D4-Pad2)")
    (add_net "Net-(D5-Pad2)")
    (add_net "Net-(D6-Pad2)")
    (add_net "Net-(D7-Pad2)")
    (add_net "Net-(J1-Pad8)")
  )

  (module Connector_PinHeader_2_54:PinHeader_1x09_P2.54mm_Horizontal (layer B.Cu) (tedit 59FED5CB) (tstamp 61418711)
    (at 96.647 109.855 270)
    (descr "Through hole angled pin header, 1x09, 2.54mm pitch, 6mm pin length, single row")
    (tags "Through hole angled pin header THT 1x09 2.54mm single row")
    (path /61350B6C)
    (fp_text reference J1 (at 6.477 -23.495) (layer B.SilkS)
      (effects (font (size 1 1) (thickness 0.15)) (justify mirror))
    )
    (fp_text value "Molex 22-05-3091" (at -3.175 -9.525) (layer B.Fab)
      (effects (font (size 1 1) (thickness 0.15)) (justify mirror))
    )
    (fp_line (start 10.55 1.8) (end -1.8 1.8) (layer B.CrtYd) (width 0.05))
    (fp_line (start 10.55 -22.1) (end 10.55 1.8) (layer B.CrtYd) (width 0.05))
    (fp_line (start -1.8 -22.1) (end 10.55 -22.1) (layer B.CrtYd) (width 0.05))
    (fp_line (start -1.8 1.8) (end -1.8 -22.1) (layer B.CrtYd) (width 0.05))
    (fp_line (start -1.27 1.27) (end 0 1.27) (layer B.SilkS) (width 0.12))
    (fp_line (start -1.27 0) (end -1.27 1.27) (layer B.SilkS) (width 0.12))
    (fp_line (start 1.042929 -20.7) (end 1.44 -20.7) (layer B.SilkS) (width 0.12))
    (fp_line (start 1.042929 -19.94) (end 1.44 -19.94) (layer B.SilkS) (width 0.12))
    (fp_line (start 10.1 -20.7) (end 4.1 -20.7) (layer B.SilkS) (width 0.12))
    (fp_line (start 10.1 -19.94) (end 10.1 -20.7) (layer B.SilkS) (width 0.12))
    (fp_line (start 4.1 -19.94) (end 10.1 -19.94) (layer B.SilkS) (width 0.12))
    (fp_line (start 1.44 -19.05) (end 4.1 -19.05) (layer B.SilkS) (width 0.12))
    (fp_line (start 1.042929 -18.16) (end 1.44 -18.16) (layer B.SilkS) (width 0.12))
    (fp_line (start 1.042929 -17.4) (end 1.44 -17.4) (layer B.SilkS) (width 0.12))
    (fp_line (start 10.1 -18.16) (end 4.1 -18.16) (layer B.SilkS) (width 0.12))
    (fp_line (start 10.1 -17.4) (end 10.1 -18.16) (layer B.SilkS) (width 0.12))
    (fp_line (start 4.1 -17.4) (end 10.1 -17.4) (layer B.SilkS) (width 0.12))
    (fp_line (start 1.44 -16.51) (end 4.1 -16.51) (layer B.SilkS) (width 0.12))
    (fp_line (start 1.042929 -15.62) (end 1.44 -15.62) (layer B.SilkS) (width 0.12))
    (fp_line (start 1.042929 -14.86) (end 1.44 -14.86) (layer B.SilkS) (width 0.12))
    (fp_line (start 10.1 -15.62) (end 4.1 -15.62) (layer B.SilkS) (width 0.12))
    (fp_line (start 10.1 -14.86) (end 10.1 -15.62) (layer B.SilkS) (width 0.12))
    (fp_line (start 4.1 -14.86) (end 10.1 -14.86) (layer B.SilkS) (width 0.12))
    (fp_line (start 1.44 -13.97) (end 4.1 -13.97) (layer B.SilkS) (width 0.12))
    (fp_line (start 1.042929 -13.08) (end 1.44 -13.08) (layer B.SilkS) (width 0.12))
    (fp_line (start 1.042929 -12.32) (end 1.44 -12.32) (layer B.SilkS) (width 0.12))
    (fp_line (start 10.1 -13.08) (end 4.1 -13.08) (layer B.SilkS) (width 0.12))
    (fp_line (start 10.1 -12.32) (end 10.1 -13.08) (layer B.SilkS) (width 0.12))
    (fp_line (start 4.1 -12.32) (end 10.1 -12.32) (layer B.SilkS) (width 0.12))
    (fp_line (start 1.44 -11.43) (end 4.1 -11.43) (layer B.SilkS) (width 0.12))
    (fp_line (start 1.042929 -10.54) (end 1.44 -10.54) (layer B.SilkS) (width 0.12))
    (fp_line (start 1.042929 -9.78) (end 1.44 -9.78) (layer B.SilkS) (width 0.12))
    (fp_line (start 10.1 -10.54) (end 4.1 -10.54) (layer B.SilkS) (width 0.12))
    (fp_line (start 10.1 -9.78) (end 10.1 -10.54) (layer B.SilkS) (width 0.12))
    (fp_line (start 4.1 -9.78) (end 10.1 -9.78) (layer B.SilkS) (width 0.12))
    (fp_line (start 1.44 -8.89) (end 4.1 -8.89) (layer B.SilkS) (width 0.12))
    (fp_line (start 1.042929 -8) (end 1.44 -8) (layer B.SilkS) (width 0.12))
    (fp_line (start 1.042929 -7.24) (end 1.44 -7.24) (layer B.SilkS) (width 0.12))
    (fp_line (start 10.1 -8) (end 4.1 -8) (layer B.SilkS) (width 0.12))
    (fp_line (start 10.1 -7.24) (end 10.1 -8) (layer B.SilkS) (width 0.12))
    (fp_line (start 4.1 -7.24) (end 10.1 -7.24) (layer B.SilkS) (width 0.12))
    (fp_line (start 1.44 -6.35) (end 4.1 -6.35) (layer B.SilkS) (width 0.12))
    (fp_line (start 1.042929 -5.46) (end 1.44 -5.46) (layer B.SilkS) (width 0.12))
    (fp_line (start 1.042929 -4.7) (end 1.44 -4.7) (layer B.SilkS) (width 0.12))
    (fp_line (start 10.1 -5.46) (end 4.1 -5.46) (layer B.SilkS) (width 0.12))
    (fp_line (start 10.1 -4.7) (end 10.1 -5.46) (layer B.SilkS) (width 0.12))
    (fp_line (start 4.1 -4.7) (end 10.1 -4.7) (layer B.SilkS) (width 0.12))
    (fp_line (start 1.44 -3.81) (end 4.1 -3.81) (layer B.SilkS) (width 0.12))
    (fp_line (start 1.042929 -2.92) (end 1.44 -2.92) (layer B.SilkS) (width 0.12))
    (fp_line (start 1.042929 -2.16) (end 1.44 -2.16) (layer B.SilkS) (width 0.12))
    (fp_line (start 10.1 -2.92) (end 4.1 -2.92) (layer B.SilkS) (width 0.12))
    (fp_line (start 10.1 -2.16) (end 10.1 -2.92) (layer B.SilkS) (width 0.12))
    (fp_line (start 4.1 -2.16) (end 10.1 -2.16) (layer B.SilkS) (width 0.12))
    (fp_line (start 1.44 -1.27) (end 4.1 -1.27) (layer B.SilkS) (width 0.12))
    (fp_line (start 1.11 -0.38) (end 1.44 -0.38) (layer B.SilkS) (width 0.12))
    (fp_line (start 1.11 0.38) (end 1.44 0.38) (layer B.SilkS) (width 0.12))
    (fp_line (start 4.1 -0.28) (end 10.1 -0.28) (layer B.SilkS) (width 0.12))
    (fp_line (start 4.1 -0.16) (end 10.1 -0.16) (layer B.SilkS) (width 0.12))
    (fp_line (start 4.1 -0.04) (end 10.1 -0.04) (layer B.SilkS) (width 0.12))
    (fp_line (start 4.1 0.08) (end 10.1 0.08) (layer B.SilkS) (width 0.12))
    (fp_line (start 4.1 0.2) (end 10.1 0.2) (layer B.SilkS) (width 0.12))
    (fp_line (start 4.1 0.32) (end 10.1 0.32) (layer B.SilkS) (width 0.12))
    (fp_line (start 10.1 -0.38) (end 4.1 -0.38) (layer B.SilkS) (width 0.12))
    (fp_line (start 10.1 0.38) (end 10.1 -0.38) (layer B.SilkS) (width 0.12))
    (fp_line (start 4.1 0.38) (end 10.1 0.38) (layer B.SilkS) (width 0.12))
    (fp_line (start 4.1 1.33) (end 1.44 1.33) (layer B.SilkS) (width 0.12))
    (fp_line (start 4.1 -21.65) (end 4.1 1.33) (layer B.SilkS) (width 0.12))
    (fp_line (start 1.44 -21.65) (end 4.1 -21.65) (layer B.SilkS) (width 0.12))
    (fp_line (start 1.44 1.33) (end 1.44 -21.65) (layer B.SilkS) (width 0.12))
    (fp_line (start 4.04 -20.64) (end 10.04 -20.64) (layer B.Fab) (width 0.1))
    (fp_line (start 10.04 -20) (end 10.04 -20.64) (layer B.Fab) (width 0.1))
    (fp_line (start 4.04 -20) (end 10.04 -20) (layer B.Fab) (width 0.1))
    (fp_line (start -0.32 -20.64) (end 1.5 -20.64) (layer B.Fab) (width 0.1))
    (fp_line (start -0.32 -20) (end -0.32 -20.64) (layer B.Fab) (width 0.1))
    (fp_line (start -0.32 -20) (end 1.5 -20) (layer B.Fab) (width 0.1))
    (fp_line (start 4.04 -18.1) (end 10.04 -18.1) (layer B.Fab) (width 0.1))
    (fp_line (start 10.04 -17.46) (end 10.04 -18.1) (layer B.Fab) (width 0.1))
    (fp_line (start 4.04 -17.46) (end 10.04 -17.46) (layer B.Fab) (width 0.1))
    (fp_line (start -0.32 -18.1) (end 1.5 -18.1) (layer B.Fab) (width 0.1))
    (fp_line (start -0.32 -17.46) (end -0.32 -18.1) (layer B.Fab) (width 0.1))
    (fp_line (start -0.32 -17.46) (end 1.5 -17.46) (layer B.Fab) (width 0.1))
    (fp_line (start 4.04 -15.56) (end 10.04 -15.56) (layer B.Fab) (width 0.1))
    (fp_line (start 10.04 -14.92) (end 10.04 -15.56) (layer B.Fab) (width 0.1))
    (fp_line (start 4.04 -14.92) (end 10.04 -14.92) (layer B.Fab) (width 0.1))
    (fp_line (start -0.32 -15.56) (end 1.5 -15.56) (layer B.Fab) (width 0.1))
    (fp_line (start -0.32 -14.92) (end -0.32 -15.56) (layer B.Fab) (width 0.1))
    (fp_line (start -0.32 -14.92) (end 1.5 -14.92) (layer B.Fab) (width 0.1))
    (fp_line (start 4.04 -13.02) (end 10.04 -13.02) (layer B.Fab) (width 0.1))
    (fp_line (start 10.04 -12.38) (end 10.04 -13.02) (layer B.Fab) (width 0.1))
    (fp_line (start 4.04 -12.38) (end 10.04 -12.38) (layer B.Fab) (width 0.1))
    (fp_line (start -0.32 -13.02) (end 1.5 -13.02) (layer B.Fab) (width 0.1))
    (fp_line (start -0.32 -12.38) (end -0.32 -13.02) (layer B.Fab) (width 0.1))
    (fp_line (start -0.32 -12.38) (end 1.5 -12.38) (layer B.Fab) (width 0.1))
    (fp_line (start 4.04 -10.48) (end 10.04 -10.48) (layer B.Fab) (width 0.1))
    (fp_line (start 10.04 -9.84) (end 10.04 -10.48) (layer B.Fab) (width 0.1))
    (fp_line (start 4.04 -9.84) (end 10.04 -9.84) (layer B.Fab) (width 0.1))
    (fp_line (start -0.32 -10.48) (end 1.5 -10.48) (layer B.Fab) (width 0.1))
    (fp_line (start -0.32 -9.84) (end -0.32 -10.48) (layer B.Fab) (width 0.1))
    (fp_line (start -0.32 -9.84) (end 1.5 -9.84) (layer B.Fab) (width 0.1))
    (fp_line (start 4.04 -7.94) (end 10.04 -7.94) (layer B.Fab) (width 0.1))
    (fp_line (start 10.04 -7.3) (end 10.04 -7.94) (layer B.Fab) (width 0.1))
    (fp_line (start 4.04 -7.3) (end 10.04 -7.3) (layer B.Fab) (width 0.1))
    (fp_line (start -0.32 -7.94) (end 1.5 -7.94) (layer B.Fab) (width 0.1))
    (fp_line (start -0.32 -7.3) (end -0.32 -7.94) (layer B.Fab) (width 0.1))
    (fp_line (start -0.32 -7.3) (end 1.5 -7.3) (layer B.Fab) (width 0.1))
    (fp_line (start 4.04 -5.4) (end 10.04 -5.4) (layer B.Fab) (width 0.1))
    (fp_line (start 10.04 -4.76) (end 10.04 -5.4) (layer B.Fab) (width 0.1))
    (fp_line (start 4.04 -4.76) (end 10.04 -4.76) (layer B.Fab) (width 0.1))
    (fp_line (start -0.32 -5.4) (end 1.5 -5.4) (layer B.Fab) (width 0.1))
    (fp_line (start -0.32 -4.76) (end -0.32 -5.4) (layer B.Fab) (width 0.1))
    (fp_line (start -0.32 -4.76) (end 1.5 -4.76) (layer B.Fab) (width 0.1))
    (fp_line (start 4.04 -2.86) (end 10.04 -2.86) (layer B.Fab) (width 0.1))
    (fp_line (start 10.04 -2.22) (end 10.04 -2.86) (layer B.Fab) (width 0.1))
    (fp_line (start 4.04 -2.22) (end 10.04 -2.22) (layer B.Fab) (width 0.1))
    (fp_line (start -0.32 -2.86) (end 1.5 -2.86) (layer B.Fab) (width 0.1))
    (fp_line (start -0.32 -2.22) (end -0.32 -2.86) (layer B.Fab) (width 0.1))
    (fp_line (start -0.32 -2.22) (end 1.5 -2.22) (layer B.Fab) (width 0.1))
    (fp_line (start 4.04 -0.32) (end 10.04 -0.32) (layer B.Fab) (width 0.1))
    (fp_line (start 10.04 0.32) (end 10.04 -0.32) (layer B.Fab) (width 0.1))
    (fp_line (start 4.04 0.32) (end 10.04 0.32) (layer B.Fab) (width 0.1))
    (fp_line (start -0.32 -0.32) (end 1.5 -0.32) (layer B.Fab) (width 0.1))
    (fp_line (start -0.32 0.32) (end -0.32 -0.32) (layer B.Fab) (width 0.1))
    (fp_line (start -0.32 0.32) (end 1.5 0.32) (layer B.Fab) (width 0.1))
    (fp_line (start 1.5 0.635) (end 2.135 1.27) (layer B.Fab) (width 0.1))
    (fp_line (start 1.5 -21.59) (end 1.5 0.635) (layer B.Fab) (width 0.1))
    (fp_line (start 4.04 -21.59) (end 1.5 -21.59) (layer B.Fab) (width 0.1))
    (fp_line (start 4.04 1.27) (end 4.04 -21.59) (layer B.Fab) (width 0.1))
    (fp_line (start 2.135 1.27) (end 4.04 1.27) (layer B.Fab) (width 0.1))
    (fp_text user %R (at 6.35 -23.495) (layer B.Fab)
      (effects (font (size 1 1) (thickness 0.15)) (justify mirror))
    )
    (pad 9 thru_hole oval (at 0 -20.32 270) (size 1.7 1.7) (drill 1) (layers *.Cu *.Mask)
      (net 1 "Net-(D1-Pad1)"))
    (pad 8 thru_hole oval (at 0 -17.78 270) (size 1.7 1.7) (drill 1) (layers *.Cu *.Mask)
      (net 9 "Net-(J1-Pad8)"))
    (pad 7 thru_hole oval (at 0 -15.24 270) (size 1.7 1.7) (drill 1) (layers *.Cu *.Mask)
      (net 2 "Net-(D1-Pad2)"))
    (pad 6 thru_hole oval (at 0 -12.7 270) (size 1.7 1.7) (drill 1) (layers *.Cu *.Mask)
      (net 3 "Net-(D2-Pad2)"))
    (pad 5 thru_hole oval (at 0 -10.16 270) (size 1.7 1.7) (drill 1) (layers *.Cu *.Mask)
      (net 4 "Net-(D3-Pad2)"))
    (pad 4 thru_hole oval (at 0 -7.62 270) (size 1.7 1.7) (drill 1) (layers *.Cu *.Mask)
      (net 5 "Net-(D4-Pad2)"))
    (pad 3 thru_hole oval (at 0 -5.08 270) (size 1.7 1.7) (drill 1) (layers *.Cu *.Mask)
      (net 6 "Net-(D5-Pad2)"))
    (pad 2 thru_hole oval (at 0 -2.54 270) (size 1.7 1.7) (drill 1) (layers *.Cu *.Mask)
      (net 7 "Net-(D6-Pad2)"))
    (pad 1 thru_hole rect (at 0 0 270) (size 1.7 1.7) (drill 1) (layers *.Cu *.Mask)
      (net 8 "Net-(D7-Pad2)"))
    (model ${KIPRJMOD}/kicad/libs/packages3d/Molex/22-05-3091.step
      (at (xyz 0 0 0))
      (scale (xyz 1 1 1))
      (rotate (xyz 0 0 0))
    )
  )

  (module LED_THT:LED_D5.0mm_Clear (layer B.Cu) (tedit 5A6C9BC0) (tstamp 614186CB)
    (at 73.02 88.84 270)
    (descr "LED, diameter 5.0mm, 2 pins, http://cdn-reichelt.de/documents/datenblatt/A500/LL-504BC2E-009.pdf")
    (tags "LED diameter 5.0mm 2 pins")
    (path /61351990)
    (fp_text reference D7 (at 3.91 -4.45) (layer B.SilkS)
      (effects (font (size 1 1) (thickness 0.15)) (justify mirror))
    )
    (fp_text value SFH460 (at -2.54 0) (layer B.Fab)
      (effects (font (size 1 1) (thickness 0.15)) (justify mirror))
    )
    (fp_circle (center 1.27 0) (end 3.77 0) (layer B.SilkS) (width 0.12))
    (fp_circle (center 1.27 0) (end 3.77 0) (layer B.Fab) (width 0.1))
    (fp_line (start 4.5 3.25) (end -1.95 3.25) (layer B.CrtYd) (width 0.05))
    (fp_line (start 4.5 -3.25) (end 4.5 3.25) (layer B.CrtYd) (width 0.05))
    (fp_line (start -1.95 -3.25) (end 4.5 -3.25) (layer B.CrtYd) (width 0.05))
    (fp_line (start -1.95 3.25) (end -1.95 -3.25) (layer B.CrtYd) (width 0.05))
    (fp_line (start -1.29 1.545) (end -1.29 -1.545) (layer B.SilkS) (width 0.12))
    (fp_line (start -1.23 1.469694) (end -1.23 -1.469694) (layer B.Fab) (width 0.1))
    (fp_text user %R (at 1.25 0 270) (layer B.Fab)
      (effects (font (size 0.8 0.8) (thickness 0.2)) (justify mirror))
    )
    (fp_arc (start 1.27 0) (end -1.23 1.469694) (angle -299.1) (layer B.Fab) (width 0.1))
    (fp_arc (start 1.27 0) (end -1.29 1.54483) (angle -148.9) (layer B.SilkS) (width 0.12))
    (fp_arc (start 1.27 0) (end -1.29 -1.54483) (angle 148.9) (layer B.SilkS) (width 0.12))
    (pad 1 thru_hole rect (at 0 0 270) (size 1.8 1.8) (drill 0.9) (layers *.Cu *.Mask)
      (net 1 "Net-(D1-Pad1)"))
    (pad 2 thru_hole circle (at 2.54 0 270) (size 1.8 1.8) (drill 0.9) (layers *.Cu *.Mask)
      (net 8 "Net-(D7-Pad2)"))
    (model ${KISYS3DMOD}/LED_THT.3dshapes/LED_D5.0mm_Clear.wrl
      (at (xyz 0 0 0))
      (scale (xyz 1 1 1))
      (rotate (xyz 0 0 0))
    )
  )

  (module LED_THT:LED_D5.0mm_Clear (layer B.Cu) (tedit 5A6C9BC0) (tstamp 614186B9)
    (at 100.091 91.888 270)
    (descr "LED, diameter 5.0mm, 2 pins, http://cdn-reichelt.de/documents/datenblatt/A500/LL-504BC2E-009.pdf")
    (tags "LED diameter 5.0mm 2 pins")
    (path /613517B0)
    (fp_text reference D6 (at 4.037 -4.684) (layer B.SilkS)
      (effects (font (size 1 1) (thickness 0.15)) (justify mirror))
    )
    (fp_text value SFH460 (at -2.54 0) (layer B.Fab)
      (effects (font (size 1 1) (thickness 0.15)) (justify mirror))
    )
    (fp_line (start -1.23 1.469694) (end -1.23 -1.469694) (layer B.Fab) (width 0.1))
    (fp_line (start -1.29 1.545) (end -1.29 -1.545) (layer B.SilkS) (width 0.12))
    (fp_line (start -1.95 3.25) (end -1.95 -3.25) (layer B.CrtYd) (width 0.05))
    (fp_line (start -1.95 -3.25) (end 4.5 -3.25) (layer B.CrtYd) (width 0.05))
    (fp_line (start 4.5 -3.25) (end 4.5 3.25) (layer B.CrtYd) (width 0.05))
    (fp_line (start 4.5 3.25) (end -1.95 3.25) (layer B.CrtYd) (width 0.05))
    (fp_circle (center 1.27 0) (end 3.77 0) (layer B.Fab) (width 0.1))
    (fp_circle (center 1.27 0) (end 3.77 0) (layer B.SilkS) (width 0.12))
    (fp_arc (start 1.27 0) (end -1.29 -1.54483) (angle 148.9) (layer B.SilkS) (width 0.12))
    (fp_arc (start 1.27 0) (end -1.29 1.54483) (angle -148.9) (layer B.SilkS) (width 0.12))
    (fp_arc (start 1.27 0) (end -1.23 1.469694) (angle -299.1) (layer B.Fab) (width 0.1))
    (fp_text user %R (at 1.25 0 270) (layer B.Fab)
      (effects (font (size 0.8 0.8) (thickness 0.2)) (justify mirror))
    )
    (pad 2 thru_hole circle (at 2.54 0 270) (size 1.8 1.8) (drill 0.9) (layers *.Cu *.Mask)
      (net 7 "Net-(D6-Pad2)"))
    (pad 1 thru_hole rect (at 0 0 270) (size 1.8 1.8) (drill 0.9) (layers *.Cu *.Mask)
      (net 1 "Net-(D1-Pad1)"))
    (model ${KISYS3DMOD}/LED_THT.3dshapes/LED_D5.0mm_Clear.wrl
      (at (xyz 0 0 0))
      (scale (xyz 1 1 1))
      (rotate (xyz 0 0 0))
    )
  )

  (module LED_THT:LED_D5.0mm_Clear (layer B.Cu) (tedit 5A6C9BC0) (tstamp 614186A7)
    (at 127.162 94.936 270)
    (descr "LED, diameter 5.0mm, 2 pins, http://cdn-reichelt.de/documents/datenblatt/A500/LL-504BC2E-009.pdf")
    (tags "LED diameter 5.0mm 2 pins")
    (path /61351738)
    (fp_text reference D5 (at 4.164 -4.283) (layer B.SilkS)
      (effects (font (size 1 1) (thickness 0.15)) (justify mirror))
    )
    (fp_text value SFH460 (at -2.54 0 180) (layer B.Fab)
      (effects (font (size 1 1) (thickness 0.15)) (justify mirror))
    )
    (fp_circle (center 1.27 0) (end 3.77 0) (layer B.SilkS) (width 0.12))
    (fp_circle (center 1.27 0) (end 3.77 0) (layer B.Fab) (width 0.1))
    (fp_line (start 4.5 3.25) (end -1.95 3.25) (layer B.CrtYd) (width 0.05))
    (fp_line (start 4.5 -3.25) (end 4.5 3.25) (layer B.CrtYd) (width 0.05))
    (fp_line (start -1.95 -3.25) (end 4.5 -3.25) (layer B.CrtYd) (width 0.05))
    (fp_line (start -1.95 3.25) (end -1.95 -3.25) (layer B.CrtYd) (width 0.05))
    (fp_line (start -1.29 1.545) (end -1.29 -1.545) (layer B.SilkS) (width 0.12))
    (fp_line (start -1.23 1.469694) (end -1.23 -1.469694) (layer B.Fab) (width 0.1))
    (fp_text user %R (at 1.25 0 270) (layer B.Fab)
      (effects (font (size 0.8 0.8) (thickness 0.2)) (justify mirror))
    )
    (fp_arc (start 1.27 0) (end -1.23 1.469694) (angle -299.1) (layer B.Fab) (width 0.1))
    (fp_arc (start 1.27 0) (end -1.29 1.54483) (angle -148.9) (layer B.SilkS) (width 0.12))
    (fp_arc (start 1.27 0) (end -1.29 -1.54483) (angle 148.9) (layer B.SilkS) (width 0.12))
    (pad 1 thru_hole rect (at 0 0 270) (size 1.8 1.8) (drill 0.9) (layers *.Cu *.Mask)
      (net 1 "Net-(D1-Pad1)"))
    (pad 2 thru_hole circle (at 2.54 0 270) (size 1.8 1.8) (drill 0.9) (layers *.Cu *.Mask)
      (net 6 "Net-(D5-Pad2)"))
    (model ${KISYS3DMOD}/LED_THT.3dshapes/LED_D5.0mm_Clear.wrl
      (at (xyz 0 0 0))
      (scale (xyz 1 1 1))
      (rotate (xyz 0 0 0))
    )
  )

  (module LED_THT:LED_D5.0mm_Clear (layer B.Cu) (tedit 5A6C9BC0) (tstamp 61418695)
    (at 154.233 97.984 270)
    (descr "LED, diameter 5.0mm, 2 pins, http://cdn-reichelt.de/documents/datenblatt/A500/LL-504BC2E-009.pdf")
    (tags "LED diameter 5.0mm 2 pins")
    (path /613516B1)
    (fp_text reference D4 (at 3.656 -4.517) (layer B.SilkS)
      (effects (font (size 1 1) (thickness 0.15)) (justify mirror))
    )
    (fp_text value SFH460 (at -2.54 0) (layer B.Fab)
      (effects (font (size 1 1) (thickness 0.15)) (justify mirror))
    )
    (fp_line (start -1.23 1.469694) (end -1.23 -1.469694) (layer B.Fab) (width 0.1))
    (fp_line (start -1.29 1.545) (end -1.29 -1.545) (layer B.SilkS) (width 0.12))
    (fp_line (start -1.95 3.25) (end -1.95 -3.25) (layer B.CrtYd) (width 0.05))
    (fp_line (start -1.95 -3.25) (end 4.5 -3.25) (layer B.CrtYd) (width 0.05))
    (fp_line (start 4.5 -3.25) (end 4.5 3.25) (layer B.CrtYd) (width 0.05))
    (fp_line (start 4.5 3.25) (end -1.95 3.25) (layer B.CrtYd) (width 0.05))
    (fp_circle (center 1.27 0) (end 3.77 0) (layer B.Fab) (width 0.1))
    (fp_circle (center 1.27 0) (end 3.77 0) (layer B.SilkS) (width 0.12))
    (fp_arc (start 1.27 0) (end -1.29 -1.54483) (angle 148.9) (layer B.SilkS) (width 0.12))
    (fp_arc (start 1.27 0) (end -1.29 1.54483) (angle -148.9) (layer B.SilkS) (width 0.12))
    (fp_arc (start 1.27 0) (end -1.23 1.469694) (angle -299.1) (layer B.Fab) (width 0.1))
    (fp_text user %R (at 1.25 0 270) (layer B.Fab)
      (effects (font (size 0.8 0.8) (thickness 0.2)) (justify mirror))
    )
    (pad 2 thru_hole circle (at 2.54 0 270) (size 1.8 1.8) (drill 0.9) (layers *.Cu *.Mask)
      (net 5 "Net-(D4-Pad2)"))
    (pad 1 thru_hole rect (at 0 0 270) (size 1.8 1.8) (drill 0.9) (layers *.Cu *.Mask)
      (net 1 "Net-(D1-Pad1)"))
    (model ${KISYS3DMOD}/LED_THT.3dshapes/LED_D5.0mm_Clear.wrl
      (at (xyz 0 0 0))
      (scale (xyz 1 1 1))
      (rotate (xyz 0 0 0))
    )
  )

  (module LED_THT:LED_D5.0mm_Clear (layer B.Cu) (tedit 5A6C9BC0) (tstamp 61418683)
    (at 181.304 101.032 270)
    (descr "LED, diameter 5.0mm, 2 pins, http://cdn-reichelt.de/documents/datenblatt/A500/LL-504BC2E-009.pdf")
    (tags "LED diameter 5.0mm 2 pins")
    (path /613514F7)
    (fp_text reference D3 (at 3.783 -4.751) (layer B.SilkS)
      (effects (font (size 1 1) (thickness 0.15)) (justify mirror))
    )
    (fp_text value SFH460 (at -2.54 0) (layer B.Fab)
      (effects (font (size 1 1) (thickness 0.15)) (justify mirror))
    )
    (fp_circle (center 1.27 0) (end 3.77 0) (layer B.SilkS) (width 0.12))
    (fp_circle (center 1.27 0) (end 3.77 0) (layer B.Fab) (width 0.1))
    (fp_line (start 4.5 3.25) (end -1.95 3.25) (layer B.CrtYd) (width 0.05))
    (fp_line (start 4.5 -3.25) (end 4.5 3.25) (layer B.CrtYd) (width 0.05))
    (fp_line (start -1.95 -3.25) (end 4.5 -3.25) (layer B.CrtYd) (width 0.05))
    (fp_line (start -1.95 3.25) (end -1.95 -3.25) (layer B.CrtYd) (width 0.05))
    (fp_line (start -1.29 1.545) (end -1.29 -1.545) (layer B.SilkS) (width 0.12))
    (fp_line (start -1.23 1.469694) (end -1.23 -1.469694) (layer B.Fab) (width 0.1))
    (fp_text user %R (at 1.25 0 270) (layer B.Fab)
      (effects (font (size 0.8 0.8) (thickness 0.2)) (justify mirror))
    )
    (fp_arc (start 1.27 0) (end -1.23 1.469694) (angle -299.1) (layer B.Fab) (width 0.1))
    (fp_arc (start 1.27 0) (end -1.29 1.54483) (angle -148.9) (layer B.SilkS) (width 0.12))
    (fp_arc (start 1.27 0) (end -1.29 -1.54483) (angle 148.9) (layer B.SilkS) (width 0.12))
    (pad 1 thru_hole rect (at 0 0 270) (size 1.8 1.8) (drill 0.9) (layers *.Cu *.Mask)
      (net 1 "Net-(D1-Pad1)"))
    (pad 2 thru_hole circle (at 2.54 0 270) (size 1.8 1.8) (drill 0.9) (layers *.Cu *.Mask)
      (net 4 "Net-(D3-Pad2)"))
    (model ${KISYS3DMOD}/LED_THT.3dshapes/LED_D5.0mm_Clear.wrl
      (at (xyz 0 0 0))
      (scale (xyz 1 1 1))
      (rotate (xyz 0 0 0))
    )
  )

  (module LED_THT:LED_D5.0mm_Clear (layer B.Cu) (tedit 5A6C9BC0) (tstamp 61418671)
    (at 208.375 104.08 270)
    (descr "LED, diameter 5.0mm, 2 pins, http://cdn-reichelt.de/documents/datenblatt/A500/LL-504BC2E-009.pdf")
    (tags "LED diameter 5.0mm 2 pins")
    (path /6135145B)
    (fp_text reference D2 (at 3.91 -4.35) (layer B.SilkS)
      (effects (font (size 1 1) (thickness 0.15)) (justify mirror))
    )
    (fp_text value SFH460 (at -2.54 0) (layer B.Fab)
      (effects (font (size 1 1) (thickness 0.15)) (justify mirror))
    )
    (fp_line (start -1.23 1.469694) (end -1.23 -1.469694) (layer B.Fab) (width 0.1))
    (fp_line (start -1.29 1.545) (end -1.29 -1.545) (layer B.SilkS) (width 0.12))
    (fp_line (start -1.95 3.25) (end -1.95 -3.25) (layer B.CrtYd) (width 0.05))
    (fp_line (start -1.95 -3.25) (end 4.5 -3.25) (layer B.CrtYd) (width 0.05))
    (fp_line (start 4.5 -3.25) (end 4.5 3.25) (layer B.CrtYd) (width 0.05))
    (fp_line (start 4.5 3.25) (end -1.95 3.25) (layer B.CrtYd) (width 0.05))
    (fp_circle (center 1.27 0) (end 3.77 0) (layer B.Fab) (width 0.1))
    (fp_circle (center 1.27 0) (end 3.77 0) (layer B.SilkS) (width 0.12))
    (fp_arc (start 1.27 0) (end -1.29 -1.54483) (angle 148.9) (layer B.SilkS) (width 0.12))
    (fp_arc (start 1.27 0) (end -1.29 1.54483) (angle -148.9) (layer B.SilkS) (width 0.12))
    (fp_arc (start 1.27 0) (end -1.23 1.469694) (angle -299.1) (layer B.Fab) (width 0.1))
    (fp_text user %R (at 1.25 0 270) (layer B.Fab)
      (effects (font (size 0.8 0.8) (thickness 0.2)) (justify mirror))
    )
    (pad 2 thru_hole circle (at 2.54 0 270) (size 1.8 1.8) (drill 0.9) (layers *.Cu *.Mask)
      (net 3 "Net-(D2-Pad2)"))
    (pad 1 thru_hole rect (at 0 0 270) (size 1.8 1.8) (drill 0.9) (layers *.Cu *.Mask)
      (net 1 "Net-(D1-Pad1)"))
    (model ${KISYS3DMOD}/LED_THT.3dshapes/LED_D5.0mm_Clear.wrl
      (at (xyz 0 0 0))
      (scale (xyz 1 1 1))
      (rotate (xyz 0 0 0))
    )
  )

  (module LED_THT:LED_D5.0mm_Clear (layer B.Cu) (tedit 5A6C9BC0) (tstamp 6141865F)
    (at 219.456 84.661 270)
    (descr "LED, diameter 5.0mm, 2 pins, http://cdn-reichelt.de/documents/datenblatt/A500/LL-504BC2E-009.pdf")
    (tags "LED diameter 5.0mm 2 pins")
    (path /613501A2)
    (fp_text reference D1 (at 3.985 -4.445) (layer B.SilkS)
      (effects (font (size 1 1) (thickness 0.15)) (justify mirror))
    )
    (fp_text value SFH460 (at -2.54 0) (layer B.Fab)
      (effects (font (size 1 1) (thickness 0.15)) (justify mirror))
    )
    (fp_line (start -1.23 1.469694) (end -1.23 -1.469694) (layer B.Fab) (width 0.1))
    (fp_line (start -1.29 1.545) (end -1.29 -1.545) (layer B.SilkS) (width 0.12))
    (fp_line (start -1.95 3.25) (end -1.95 -3.25) (layer B.CrtYd) (width 0.05))
    (fp_line (start -1.95 -3.25) (end 4.5 -3.25) (layer B.CrtYd) (width 0.05))
    (fp_line (start 4.5 -3.25) (end 4.5 3.25) (layer B.CrtYd) (width 0.05))
    (fp_line (start 4.5 3.25) (end -1.95 3.25) (layer B.CrtYd) (width 0.05))
    (fp_circle (center 1.27 0) (end 3.77 0) (layer B.Fab) (width 0.1))
    (fp_circle (center 1.27 0) (end 3.77 0) (layer B.SilkS) (width 0.12))
    (fp_arc (start 1.27 0) (end -1.29 -1.54483) (angle 148.9) (layer B.SilkS) (width 0.12))
    (fp_arc (start 1.27 0) (end -1.29 1.54483) (angle -148.9) (layer B.SilkS) (width 0.12))
    (fp_arc (start 1.27 0) (end -1.23 1.469694) (angle -299.1) (layer B.Fab) (width 0.1))
    (fp_text user %R (at 1.25 0 270) (layer B.Fab)
      (effects (font (size 0.8 0.8) (thickness 0.2)) (justify mirror))
    )
    (pad 2 thru_hole circle (at 2.54 0 270) (size 1.8 1.8) (drill 0.9) (layers *.Cu *.Mask)
      (net 2 "Net-(D1-Pad2)"))
    (pad 1 thru_hole rect (at 0 0 270) (size 1.8 1.8) (drill 0.9) (layers *.Cu *.Mask)
      (net 1 "Net-(D1-Pad1)"))
    (model ${KISYS3DMOD}/LED_THT.3dshapes/LED_D5.0mm_Clear.wrl
      (at (xyz 0 0 0))
      (scale (xyz 1 1 1))
      (rotate (xyz 0 0 0))
    )
  )

  (gr_poly (pts (xy 115.57 111.125) (xy 113.665 111.125) (xy 113.665 117.475) (xy 115.57 117.475)) (layer B.SilkS) (width 0.1) (tstamp 632A6091))
  (gr_poly (pts (xy 115.57 117.475) (xy 113.665 117.475) (xy 113.665 111.125) (xy 115.57 111.125)) (layer F.SilkS) (width 0.1) (tstamp 632A608C))
  (gr_poly (pts (xy 115.57 108.585) (xy 113.665 108.585) (xy 113.665 106.68) (xy 115.57 106.68)) (layer F.SilkS) (width 0.1) (tstamp 632A604A))
  (gr_poly (pts (xy 115.57 106.68) (xy 113.665 106.68) (xy 113.665 108.585) (xy 115.57 108.585)) (layer B.SilkS) (width 0.1) (tstamp 632A6045))
  (gr_poly (pts (xy 115.57 99.06) (xy 113.665 99.06) (xy 113.665 102.235) (xy 115.57 102.235)) (layer B.SilkS) (width 0.1) (tstamp 632A5FC3))
  (gr_poly (pts (xy 115.57 102.235) (xy 113.665 102.235) (xy 113.665 99.06) (xy 115.57 99.06)) (layer F.SilkS) (width 0.1))
  (gr_line (start 68.87265 114.0996) (end 68.91204 114.06997) (layer B.SilkS) (width 0.1) (tstamp 632A1E62))
  (gr_line (start 68.81519 114.13051) (end 68.87265 114.0996) (layer B.SilkS) (width 0.1) (tstamp 632A1E61))
  (gr_line (start 75.79773 113.47714) (end 75.80147 113.47167) (layer B.SilkS) (width 0.1) (tstamp 632A1E60))
  (gr_line (start 72.74727 113.93168) (end 72.74727 113.92886) (layer B.SilkS) (width 0.1) (tstamp 632A1E5F))
  (gr_line (start 72.75074 113.94025) (end 72.74727 113.93168) (layer B.SilkS) (width 0.1) (tstamp 632A1E5E))
  (gr_line (start 72.87373 113.93851) (end 72.86315 113.91671) (layer B.SilkS) (width 0.1) (tstamp 632A1E5D))
  (gr_line (start 72.86891 113.95653) (end 72.87373 113.93851) (layer B.SilkS) (width 0.1) (tstamp 632A1E5C))
  (gr_line (start 67.93401 113.76115) (end 67.93998 113.7381) (layer B.SilkS) (width 0.1) (tstamp 632A1E5B))
  (gr_line (start 67.93184 113.76968) (end 67.93401 113.76115) (layer B.SilkS) (width 0.1) (tstamp 632A1E5A))
  (gr_line (start 75.6387 114.87118) (end 75.63588 114.87683) (layer B.SilkS) (width 0.1) (tstamp 632A1E59))
  (gr_line (start 75.6387 114.86933) (end 75.6387 114.87118) (layer B.SilkS) (width 0.1) (tstamp 632A1E58))
  (gr_line (start 74.61484 114.1845) (end 74.62911 114.1736) (layer B.SilkS) (width 0.1) (tstamp 632A1E57))
  (gr_line (start 74.60383 114.205) (end 74.61484 114.1845) (layer B.SilkS) (width 0.1) (tstamp 632A1E56))
  (gr_line (start 74.60258 114.22964) (end 74.60383 114.205) (layer B.SilkS) (width 0.1) (tstamp 632A1E55))
  (gr_line (start 76.995045 113.82903) (end 76.989782 113.82669) (layer B.SilkS) (width 0.1) (tstamp 632A1E54))
  (gr_line (start 76.29892 113.94415) (end 76.29279 113.98772) (layer B.SilkS) (width 0.1) (tstamp 632A1E53))
  (gr_line (start 75.79349 113.48332) (end 75.79773 113.47714) (layer B.SilkS) (width 0.1) (tstamp 632A1E52))
  (gr_line (start 75.23131 113.66372) (end 75.22248 113.65639) (layer B.SilkS) (width 0.1) (tstamp 632A1E51))
  (gr_line (start 75.2572 113.68655) (end 75.23131 113.66372) (layer B.SilkS) (width 0.1) (tstamp 632A1E50))
  (gr_line (start 75.29327 113.72014) (end 75.2572 113.68655) (layer B.SilkS) (width 0.1) (tstamp 632A1E4F))
  (gr_line (start 72.42169 113.76094) (end 72.43145 113.76604) (layer B.SilkS) (width 0.1) (tstamp 632A1E4E))
  (gr_line (start 72.38833 113.7534) (end 72.42169 113.76094) (layer B.SilkS) (width 0.1) (tstamp 632A1E4D))
  (gr_line (start 72.31638 113.7419) (end 72.38833 113.7534) (layer B.SilkS) (width 0.1) (tstamp 632A1E4C))
  (gr_line (start 76.19818 114.06428) (end 76.15298 114.04994) (layer B.SilkS) (width 0.1) (tstamp 632A1E4B))
  (gr_line (start 73.65933 114.08044) (end 73.65552 114.06123) (layer B.SilkS) (width 0.1) (tstamp 632A1E4A))
  (gr_line (start 73.6609 114.08147) (end 73.65933 114.08044) (layer B.SilkS) (width 0.1) (tstamp 632A1E49))
  (gr_line (start 69.94172 114.49196) (end 69.95001 114.51669) (layer B.SilkS) (width 0.1) (tstamp 632A1E48))
  (gr_line (start 69.93683 114.45669) (end 69.94172 114.49196) (layer B.SilkS) (width 0.1) (tstamp 632A1E47))
  (gr_line (start 72.74727 113.92853) (end 72.75877 113.92772) (layer B.SilkS) (width 0.1) (tstamp 632A1E46))
  (gr_line (start 72.74727 113.92886) (end 72.74727 113.92853) (layer B.SilkS) (width 0.1) (tstamp 632A1E45))
  (gr_line (start 73.54008 113.69622) (end 73.53715 113.69622) (layer B.SilkS) (width 0.1) (tstamp 632A1E44))
  (gr_line (start 73.548701 113.70267) (end 73.54008 113.69622) (layer B.SilkS) (width 0.1) (tstamp 632A1E43))
  (gr_line (start 67.79312 113.90872) (end 67.80755 113.92858) (layer B.SilkS) (width 0.1) (tstamp 632A1E42))
  (gr_line (start 67.74966 113.84889) (end 67.79312 113.90872) (layer B.SilkS) (width 0.1) (tstamp 632A1E41))
  (gr_line (start 67.90427 113.45403) (end 67.89343 113.46407) (layer B.SilkS) (width 0.1) (tstamp 632A1E40))
  (gr_line (start 67.91812 113.44122) (end 67.90427 113.45403) (layer B.SilkS) (width 0.1) (tstamp 632A1E3F))
  (gr_line (start 75.44611 115.0028) (end 75.42701 115.02435) (layer B.SilkS) (width 0.1) (tstamp 632A1E3E))
  (gr_line (start 75.45311 114.99635) (end 75.44611 115.0028) (layer B.SilkS) (width 0.1) (tstamp 632A1E3D))
  (gr_line (start 76.19551 113.55922) (end 76.26474 113.55326) (layer B.SilkS) (width 0.1) (tstamp 632A1E3C))
  (gr_line (start 71.66383 113.71444) (end 71.74011 113.77119) (layer B.SilkS) (width 0.1) (tstamp 632A1E3B))
  (gr_line (start 71.64294 113.69275) (end 71.66383 113.71444) (layer B.SilkS) (width 0.1) (tstamp 632A1E3A))
  (gr_line (start 76.44079 113.50144) (end 76.33928 113.4779) (layer B.SilkS) (width 0.1) (tstamp 632A1E39))
  (gr_line (start 76.2725 114.0628) (end 76.24315 114.07051) (layer B.SilkS) (width 0.1) (tstamp 632A1E38))
  (gr_line (start 74.60844 114.24916) (end 74.60258 114.22964) (layer B.SilkS) (width 0.1) (tstamp 632A1E37))
  (gr_line (start 74.61191 114.25475) (end 74.60844 114.24916) (layer B.SilkS) (width 0.1) (tstamp 632A1E36))
  (gr_line (start 74.62097 114.26919) (end 74.61191 114.25475) (layer B.SilkS) (width 0.1) (tstamp 632A1E35))
  (gr_line (start 70.18483 113.79701) (end 70.15244 113.85897) (layer B.SilkS) (width 0.1) (tstamp 632A1E34))
  (gr_line (start 70.21309 113.76398) (end 70.18483 113.79701) (layer B.SilkS) (width 0.1) (tstamp 632A1E33))
  (gr_line (start 70.21808 113.76169) (end 70.21309 113.76398) (layer B.SilkS) (width 0.1) (tstamp 632A1E32))
  (gr_line (start 72.73425 113.72921) (end 72.72997 113.75139) (layer B.SilkS) (width 0.1) (tstamp 632A1E31))
  (gr_line (start 72.73425 113.72182) (end 72.73425 113.72921) (layer B.SilkS) (width 0.1) (tstamp 632A1E30))
  (gr_line (start 73.66448 114.10143) (end 73.66594 114.09905) (layer B.SilkS) (width 0.1) (tstamp 632A1E2F))
  (gr_line (start 73.6699 114.11494) (end 73.66448 114.10143) (layer B.SilkS) (width 0.1) (tstamp 632A1E2E))
  (gr_line (start 68.41638 114.68205) (end 68.41616 114.70718) (layer B.SilkS) (width 0.1) (tstamp 632A1E2D))
  (gr_line (start 68.41898 114.65314) (end 68.41638 114.68205) (layer B.SilkS) (width 0.1) (tstamp 632A1E2C))
  (gr_line (start 76.28801 114.02162) (end 76.28574 114.03764) (layer B.SilkS) (width 0.1) (tstamp 632A1E2B))
  (gr_line (start 68.57788 114.60951) (end 68.57794 114.58819) (layer B.SilkS) (width 0.1) (tstamp 632A1E2A))
  (gr_line (start 68.57495 114.63589) (end 68.57788 114.60951) (layer B.SilkS) (width 0.1) (tstamp 632A1E29))
  (gr_line (start 76.755191 114.17078) (end 76.776892 114.16258) (layer B.SilkS) (width 0.1) (tstamp 632A1E28))
  (gr_line (start 72.84504 113.96769) (end 72.84812 113.96711) (layer B.SilkS) (width 0.1) (tstamp 632A1E27))
  (gr_line (start 72.82068 113.96194) (end 72.84504 113.96769) (layer B.SilkS) (width 0.1) (tstamp 632A1E26))
  (gr_line (start 71.41687 114.06183) (end 71.37412 114.02765) (layer B.SilkS) (width 0.1) (tstamp 632A1E25))
  (gr_line (start 71.43895 114.08141) (end 71.41687 114.06183) (layer B.SilkS) (width 0.1) (tstamp 632A1E24))
  (gr_line (start 71.44556 114.08864) (end 71.43895 114.08141) (layer B.SilkS) (width 0.1) (tstamp 632A1E23))
  (gr_line (start 68.42674 114.32485) (end 68.42929 114.43097) (layer B.SilkS) (width 0.1) (tstamp 632A1E22))
  (gr_line (start 68.42262 114.26854) (end 68.42674 114.32485) (layer B.SilkS) (width 0.1) (tstamp 632A1E21))
  (gr_line (start 73.97715 113.55944) (end 73.94084 113.63854) (layer B.SilkS) (width 0.1) (tstamp 632A1E20))
  (gr_line (start 74.00166 113.50204) (end 73.97715 113.55944) (layer B.SilkS) (width 0.1) (tstamp 632A1E1F))
  (gr_line (start 73.6603 113.95158) (end 73.6692 113.95419) (layer B.SilkS) (width 0.1) (tstamp 632A1E1E))
  (gr_line (start 73.6577 113.95012) (end 73.6603 113.95158) (layer B.SilkS) (width 0.1) (tstamp 632A1E1D))
  (gr_line (start 68.51891 114.78753) (end 68.53709 114.75741) (layer B.SilkS) (width 0.1) (tstamp 632A1E1C))
  (gr_line (start 68.50795 114.8031) (end 68.51891 114.78753) (layer B.SilkS) (width 0.1) (tstamp 632A1E1B))
  (gr_line (start 73.65308 113.89918) (end 73.65244 113.89429) (layer B.SilkS) (width 0.1) (tstamp 632A1E1A))
  (gr_line (start 73.65845 113.92386) (end 73.65308 113.89918) (layer B.SilkS) (width 0.1) (tstamp 632A1E19))
  (gr_line (start 67.88127 113.86164) (end 67.88149 113.85501) (layer B.SilkS) (width 0.1) (tstamp 632A1E18))
  (gr_line (start 67.88095 113.87265) (end 67.88127 113.86164) (layer B.SilkS) (width 0.1) (tstamp 632A1E17))
  (gr_line (start 76.03818 113.42365) (end 76.02206 113.43194) (layer B.SilkS) (width 0.1) (tstamp 632A1E16))
  (gr_line (start 75.47627 114.2929) (end 75.45647 114.32057) (layer B.SilkS) (width 0.1) (tstamp 632A1E15))
  (gr_line (start 75.48701 114.2739) (end 75.47627 114.2929) (layer B.SilkS) (width 0.1) (tstamp 632A1E14))
  (gr_line (start 75.48902 114.26718) (end 75.48701 114.2739) (layer B.SilkS) (width 0.1) (tstamp 632A1E13))
  (gr_line (start 72.98549 114.28807) (end 73.01284 114.30939) (layer B.SilkS) (width 0.1) (tstamp 632A1E12))
  (gr_line (start 72.95615 114.26582) (end 72.98549 114.28807) (layer B.SilkS) (width 0.1) (tstamp 632A1E11))
  (gr_line (start 72.93325 114.24944) (end 72.95615 114.26582) (layer B.SilkS) (width 0.1) (tstamp 632A1E10))
  (gr_line (start 74.77873 113.68661) (end 74.78849 113.65211) (layer B.SilkS) (width 0.1) (tstamp 632A1E0F))
  (gr_line (start 74.76424 113.73332) (end 74.77873 113.68661) (layer B.SilkS) (width 0.1) (tstamp 632A1E0E))
  (gr_line (start 74.75106 113.7738) (end 74.76424 113.73332) (layer B.SilkS) (width 0.1) (tstamp 632A1E0D))
  (gr_line (start 73.66519 113.94301) (end 73.65845 113.92386) (layer B.SilkS) (width 0.1) (tstamp 632A1E0C))
  (gr_line (start 73.66648 113.94518) (end 73.66519 113.94301) (layer B.SilkS) (width 0.1) (tstamp 632A1E0B))
  (gr_line (start 73.67598 114.49732) (end 73.67854 114.47882) (layer B.SilkS) (width 0.1) (tstamp 632A1E0A))
  (gr_line (start 73.66762 114.55287) (end 73.67598 114.49732) (layer B.SilkS) (width 0.1) (tstamp 632A1E09))
  (gr_line (start 74.66784 114.10197) (end 74.67669 114.05819) (layer B.SilkS) (width 0.1) (tstamp 632A1E08))
  (gr_line (start 74.65737 114.14039) (end 74.66784 114.10197) (layer B.SilkS) (width 0.1) (tstamp 632A1E07))
  (gr_line (start 74.64669 114.16247) (end 74.65737 114.14039) (layer B.SilkS) (width 0.1) (tstamp 632A1E06))
  (gr_line (start 74.24781 114.4104) (end 74.18933 114.37465) (layer B.SilkS) (width 0.1) (tstamp 632A1E05))
  (gr_line (start 74.30608 114.44692) (end 74.24781 114.4104) (layer B.SilkS) (width 0.1) (tstamp 632A1E04))
  (gr_line (start 75.629761 113.45793) (end 75.61712 113.49) (layer B.SilkS) (width 0.1) (tstamp 632A1E03))
